The key schedule is generated by the master key: 0x00 00 00 00 00 00 00 00 00 00
-----------------------------------------------
23.125000
12.703125
23.906250
53.953125
25.765625
32.421875
26.593750
37.890625
19.890625
19.765625
27.796875
14.968750
14.968750
25.140625
20.875000
12.218750
14.296875
27.343750
22.421875
44.625000
15.234375
24.156250
22.187500
24.750000
25.656250
15.515625
39.234375
14.609375
16.796875
37.921875
16.734375
35.343750
24.406250
21.203125
30.093750
24.625000
28.640625
23.281250
29.828125
25.437500
20.593750
11.718750
21.718750
28.578125
10.203125
18.265625
26.375000
35.265625
28.515625
28.781250
15.437500
17.453125
18.343750
9.781250
12.187500
23.109375
19.296875
30.546875
11.046875
34.687500
15.750000
13.718750
22.328125
22.968750
16.000000
20.765625
35.671875
38.062500
19.484375
21.421875
29.890625
18.062500
30.156250
24.937500
14.140625
26.406250
30.578125
33.625000
33.703125
28.062500
30.421875
21.062500
19.671875
11.312500
31.640625
40.656250
17.765625
13.000000
21.078125
17.687500
10.921875
25.078125
14.078125
28.843750
19.734375
24.843750
18.453125
20.890625
28.718750
13.015625
16.906250
23.234375
18.093750
21.609375
30.640625
19.359375
17.078125
16.796875
36.562500
12.625000
16.156250
19.562500
20.656250
19.187500
15.578125
22.062500
13.453125
27.625000
15.500000
23.000000
37.578125
28.656250
27.015625
25.093750
24.343750
22.968750
35.531250
21.328125
24.968750
11.437500
22.640625
35.390625
22.359375
30.843750
21.875000
20.812500
14.437500
30.906250
18.125000
27.140625
23.843750
31.406250
44.078125
22.078125
11.218750
25.375000
17.718750
14.484375
16.640625
25.609375
24.343750
25.203125
25.515625
18.406250
21.046875
44.328125
15.390625
20.453125
20.234375
23.468750
17.031250
20.875000
16.359375
35.859375
25.062500
24.593750
9.656250
13.484375
17.812500
29.734375
15.406250
26.250000
13.718750
31.484375
12.234375
14.031250
23.781250
28.546875
13.812500
31.125000
36.906250
35.921875
19.187500
22.062500
24.765625
28.250000
21.359375
32.562500
35.781250
13.562500
19.234375
21.265625
19.812500
24.125000
24.531250
25.468750
31.375000
24.796875
20.578125
32.968750
16.718750
36.906250
23.718750
15.468750
17.328125
36.156250
23.203125
30.187500
21.140625
33.812500
26.921875
26.796875
22.437500
25.281250
19.484375
17.843750
28.359375
26.468750
18.984375
35.671875
20.812500
24.015625
18.953125
14.906250
23.171875
28.515625
20.375000
16.843750
21.812500
15.187500
14.312500
27.015625
28.687500
26.546875
14.093750
11.484375
25.203125
10.734375
21.515625
19.437500
24.953125
26.578125
21.953125
12.484375
24.500000
19.406250
16.156250
39.703125
21.484375
15.531250
19.078125
24.968750
18.078125
29.453125
16.750000
17.875000
15.890625
30.125000
21.843750
25.031250
18.546875
39.781250
31.718750
22.687500
18.796875
24.562500
16.281250
18.875000
18.843750
15.203125
28.828125
15.921875
11.062500
17.500000
15.984375
23.671875
18.750000
31.625000
25.625000
11.812500
34.171875
18.078125
28.859375
13.890625
24.328125
19.703125
20.046875
15.140625
21.125000
26.328125
17.937500
30.500000
13.921875
51.359375
25.781250
21.453125
21.093750
25.203125
27.593750
17.218750
32.031250
19.703125
18.343750
16.093750
10.718750
42.953125
25.609375
12.718750
31.859375
26.921875
19.687500
25.031250
22.109375
19.906250
24.734375
17.437500
24.390625
16.359375
38.906250
19.890625
23.343750
14.781250
26.593750
15.546875
18.312500
23.062500
14.375000
28.359375
16.984375
23.953125
18.171875
22.593750
44.890625
21.484375
48.671875
31.984375
22.640625
32.375000
7.703125
13.468750
20.781250
30.515625
22.812500
33.125000
26.953125
27.390625
24.625000
3.921875
30.312500
23.390625
38.000000
28.843750
22.031250
32.296875
18.078125
21.109375
22.484375
24.156250
18.781250
26.234375
12.359375
18.421875
16.828125
21.625000
15.750000
21.171875
31.656250
20.671875
19.500000
14.750000
20.171875
14.921875
23.843750
11.078125
16.218750
22.796875
24.296875
23.593750
32.515625
16.328125
34.187500
13.890625
9.031250
7.843750
23.546875
23.890625
18.406250
27.453125
24.640625
16.625000
23.140625
4.984375
21.062500
26.578125
19.171875
22.562500
22.625000
23.640625
18.125000
27.156250
30.546875
25.062500
29.218750
21.984375
18.281250
17.062500
27.906250
27.875000
22.796875
18.578125
14.328125
15.890625
18.953125
20.796875
24.984375
25.953125
28.984375
19.796875
23.296875
17.968750
20.781250
21.875000
21.625000
11.875000
17.921875
33.578125
18.765625
19.203125
16.437500
20.015625
13.984375
12.968750
12.406250
30.468750
20.562500
25.250000
45.093750
25.546875
32.609375
20.468750
14.750000
25.312500
20.046875
23.812500
25.765625
27.906250
34.093750
26.843750
21.531250
10.593750
32.718750
16.234375
32.890625
16.562500
15.406250
28.890625
22.718750
13.390625
15.406250
35.234375
25.031250
31.078125
23.656250
22.843750
16.750000
24.765625
31.515625
28.437500
17.359375
51.015625
23.671875
22.687500
23.296875
19.562500
14.062500
8.906250
9.859375
9.984375
26.468750
21.156250
19.234375
23.515625
22.687500
21.312500
11.250000
12.140625
15.406250
24.140625
17.171875
23.640625
15.171875
28.390625
12.781250
22.937500
20.062500
24.984375
14.234375
16.921875
29.859375
12.781250
29.796875
35.843750
34.125000
15.000000
27.875000
22.406250
15.125000
12.375000
33.625000
31.515625
15.437500
26.046875
12.578125
31.453125
37.546875
18.125000
27.218750
22.843750
33.578125
31.140625
19.312500
35.187500
16.953125
20.437500
9.046875
39.000000
17.609375
22.750000
22.890625
35.296875
20.578125
32.843750
24.968750
30.859375
20.796875
15.984375
27.390625
13.328125
25.656250
18.015625
16.203125
28.468750
13.281250
18.750000
29.093750
16.453125
17.390625
29.671875
11.078125
19.296875
26.562500
30.843750
14.796875
15.156250
11.453125
25.171875
30.609375
22.437500
14.718750
42.000000
29.250000
12.937500
36.843750
26.421875
31.375000
18.328125
24.656250
31.953125
23.484375
18.625000
17.921875
13.828125
25.593750
10.890625
16.953125
30.390625
35.078125
23.312500
29.250000
17.921875
31.015625
12.156250
39.343750
12.906250
13.343750
27.765625
22.234375
24.562500
33.578125
36.437500
22.531250
17.390625
35.593750
17.484375
15.500000
27.171875
26.140625
20.531250
18.750000
29.125000
21.390625
22.718750
19.296875
26.625000
19.171875
14.156250
18.390625
14.968750
13.937500
38.218750
28.125000
24.953125
19.062500
16.984375
29.843750
33.640625
25.171875
25.218750
28.406250
20.062500
24.843750
22.109375
18.421875
15.234375
17.640625
45.484375
14.203125
17.265625
27.421875
21.187500
23.843750
37.578125
35.703125
16.140625
16.187500
24.093750
20.718750
21.578125
27.984375
46.296875
18.562500
17.937500
14.843750
22.921875
21.515625
9.437500
18.671875
37.562500
29.218750
19.593750
19.531250
30.078125
26.703125
13.046875
10.750000
35.203125
33.218750
18.984375
21.843750
19.656250
13.984375
9.390625
23.265625
21.875000
16.828125
24.593750
19.953125
7.984375
28.375000
17.109375
20.078125
28.906250
18.593750
12.140625
12.734375
25.953125
18.906250
19.375000
20.734375
34.109375
24.031250
20.703125
23.125000
16.031250
17.015625
15.437500
22.156250
26.218750
10.234375
21.781250
14.828125
24.406250
11.687500
9.812500
23.359375
12.375000
32.968750
21.390625
47.484375
7.218750
34.328125
9.187500
20.453125
24.093750
19.031250
15.843750
20.265625
18.515625
42.875000
24.437500
16.359375
32.609375
14.046875
28.296875
10.453125
17.015625
21.078125
16.984375
20.156250
32.046875
30.656250
26.515625
19.781250
25.968750
21.281250
11.125000
21.093750
29.484375
20.968750
17.312500
32.031250
32.921875
22.765625
38.000000
20.546875
13.843750
36.937500
23.328125
23.406250
15.687500
26.421875
22.109375
11.093750
24.734375
17.781250
25.328125
22.515625
29.218750
11.921875
18.234375
23.078125
27.484375
38.765625
33.437500
25.031250
23.546875
21.218750
12.281250
31.906250
16.234375
24.640625
28.500000
24.203125
20.203125
26.734375
17.328125
17.625000
16.359375
30.687500
26.765625
18.718750
7.515625
12.578125
34.390625
17.421875
39.359375
37.937500
18.796875
45.171875
15.640625
20.375000
25.093750
13.921875
25.734375
37.062500
22.968750
20.187500
22.750000
21.578125
38.937500
27.515625
40.109375
15.781250
23.875000
38.640625
12.875000
32.125000
11.531250
19.328125
21.000000
25.906250
19.406250
18.218750
24.609375
14.546875
16.109375
14.234375
26.750000
14.343750
40.015625
16.187500
34.093750
32.390625
41.281250
13.765625
28.750000
14.640625
20.640625
16.375000
27.125000
24.968750
18.093750
41.640625
25.968750
22.390625
34.593750
19.156250
13.671875
26.281250
20.640625
25.609375
39.125000
28.375000
21.921875
17.656250
32.546875
37.343750
10.250000
22.703125
21.843750
17.453125
18.296875
37.500000
28.734375
19.453125
31.734375
17.765625
16.031250
12.921875
42.250000
29.015625
12.468750
25.109375
14.640625
12.750000
23.140625
9.453125
27.984375
24.343750
15.421875
25.390625
29.921875
23.906250
16.578125
30.703125
10.812500
26.406250
28.218750
24.171875
11.656250
31.156250
23.875000
15.203125
12.140625
24.453125
30.421875
13.234375
23.437500
19.093750
31.484375
31.906250
21.265625
14.656250
35.343750
19.781250
22.906250
46.578125
18.437500
23.031250
22.109375
20.078125
20.609375
31.187500
19.203125
36.656250
16.875000
18.250000
8.312500
26.125000
20.250000
18.234375
16.140625
27.578125
13.140625
14.890625
34.687500
23.734375
17.484375
13.703125
16.406250
14.187500
19.843750
26.187500
22.890625
34.796875
23.687500
27.781250
13.015625
11.109375
15.390625
22.671875
12.312500
9.390625
27.859375
15.468750
27.984375
17.250000
16.656250
17.390625
24.140625
13.296875
8.781250
26.968750
19.312500
20.437500
31.265625
40.781250
22.234375
16.593750
29.390625
38.890625
23.312500
28.078125
12.031250
24.062500
49.390625
20.078125
18.093750
27.750000
8.796875
17.890625
20.718750
29.031250
21.187500
21.968750
22.078125
14.093750
20.046875
30.125000
19.875000
20.953125
24.093750
16.234375
27.390625
19.078125
21.468750
20.062500
20.109375
21.875000
24.687500
16.203125
20.875000
20.671875
12.906250
15.093750
34.515625
29.203125
31.578125
13.906250
27.218750
18.234375
33.921875
19.421875
16.968750
27.312500
27.171875
32.937500
23.765625
18.578125
20.968750
19.468750
23.078125
12.234375
23.796875
23.265625
33.812500
36.015625
19.734375
14.937500
18.437500
15.109375
12.062500
15.625000
21.078125
16.359375
25.390625
28.859375
14.656250
18.281250
14.453125
23.703125
20.828125
37.109375
21.921875
17.203125
17.421875
20.875000
27.656250
26.031250
28.468750
25.875000
12.750000
21.062500
24.578125
30.296875
27.437500
11.953125
14.921875
28.093750
17.468750
17.703125
33.281250
10.937500
27.265625
9.578125
18.640625
26.406250
20.640625
21.234375
10.187500
19.218750
30.453125
42.593750
24.375000
27.359375
31.953125
25.796875
35.265625
9.109375
33.234375
15.765625
27.375000
12.093750
26.703125
21.250000
23.468750
17.937500
23.390625
15.781250
22.687500
33.437500
17.453125
16.625000
19.468750
25.218750
31.500000
12.578125
19.484375
14.093750
31.765625
35.375000
13.734375
35.062500
27.593750
25.312500
15.296875
25.328125
28.546875
26.093750
23.625000
22.921875
17.656250
26.171875
36.218750
13.500000
23.750000
43.078125
31.078125
16.250000
26.515625
18.703125
16.078125
21.296875
30.296875
48.515625
12.812500
28.140625
11.140625
22.796875
13.562500
19.531250
16.109375
23.218750
30.593750
29.937500
38.750000
9.437500
41.968750
33.390625
50.062500
15.046875
25.125000
15.890625
8.015625
25.843750
24.296875
20.562500
35.656250
26.140625
14.234375
11.984375
29.671875
35.750000
25.828125
31.421875
28.890625
27.953125
18.328125
23.906250
26.234375
21.187500
30.265625
16.125000
24.890625
12.875000
14.406250
11.937500
31.546875
22.734375
27.125000
25.218750
16.468750
16.343750
15.343750
15.234375
38.093750
12.015625
20.078125
22.281250
23.437500
22.875000
18.500000
17.265625
36.953125
9.171875
16.250000
23.406250
20.671875
43.671875
29.234375
25.546875
17.312500
17.890625
19.234375
18.671875
22.484375
26.375000
18.750000
13.343750
27.984375
19.234375
12.796875
19.484375
30.296875
11.531250
23.406250
23.937500
15.875000
22.062500
29.437500
14.281250
21.687500
24.640625
9.562500
24.203125
24.421875
15.546875
18.921875
32.109375
22.953125
22.250000
10.062500
29.093750
11.953125
28.203125
32.843750
18.734375
20.718750
18.656250
19.921875
10.468750
26.109375
24.687500
22.203125
24.062500
15.390625
34.703125
23.000000
13.171875
13.812500
23.984375
8.796875
30.859375
11.812500
16.046875
19.546875
25.703125
26.656250
7.921875
17.359375
17.796875
12.921875
18.843750
24.250000
35.593750
15.203125
17.140625
17.859375
24.671875
24.968750
20.468750
16.421875
17.156250
44.890625
19.031250
28.000000
31.140625
29.265625
17.234375
14.546875
13.765625
25.546875
26.062500
25.890625
22.578125
24.421875
21.593750
14.921875
27.031250
33.109375
17.390625
14.625000
29.828125
27.796875
19.296875
22.250000
27.390625
15.484375
24.296875
28.250000
34.203125
26.296875
36.968750
25.828125
23.453125
18.937500
26.703125
30.906250
17.687500
16.734375
14.812500
21.406250
21.812500
39.796875
28.703125
25.984375
25.750000
24.109375
22.687500
21.765625
24.171875
21.625000
22.656250
18.828125
22.750000
35.593750
18.140625
14.015625
36.500000
19.171875
27.750000
35.375000
16.843750
30.984375
26.406250
18.703125
21.578125
18.843750
20.218750
32.343750
27.500000
16.781250
17.843750
16.812500
31.562500
27.125000
21.156250
23.578125
12.906250
18.312500
20.984375
44.171875
29.375000
23.031250
23.328125
29.953125
17.140625
26.125000
14.171875
17.234375
17.781250
15.125000
24.015625
20.218750
26.078125
22.687500
12.968750
19.062500
20.906250
31.218750
32.687500
24.265625
12.390625
21.703125
27.015625
8.484375
19.468750
31.343750
21.937500
13.484375
20.046875
25.000000
37.390625
18.937500
7.859375
18.234375
12.359375
27.937500
8.484375
23.671875
21.750000
18.656250
22.015625
21.921875
40.156250
21.296875
21.843750
15.531250
31.046875
28.671875
31.843750
18.875000
23.000000
26.406250
13.828125
44.500000
25.500000
24.703125
30.890625
19.546875
24.343750
31.015625
27.781250
24.546875
19.359375
41.890625
19.390625
17.234375
19.781250
11.375000
28.703125
15.437500
20.937500
17.625000
15.062500
24.750000
23.046875
24.687500
24.656250
27.250000
11.468750
23.406250
8.281250
16.812500
46.312500
24.281250
28.406250
21.812500
22.578125
29.312500
25.000000
22.171875
11.625000
14.031250
17.375000
16.078125
22.031250
19.593750
11.890625
28.968750
23.250000
23.968750
15.656250
23.109375
20.890625
23.109375
34.640625
29.140625
19.765625
35.453125
34.531250
28.328125
23.421875
11.109375
14.000000
30.843750
26.062500
20.750000
20.093750
30.343750
19.406250
21.468750
24.796875
21.281250
25.750000
22.671875
10.265625
32.562500
20.390625
20.000000
33.562500
18.296875
28.781250
19.484375
11.968750
18.671875
21.140625
16.140625
27.890625
13.500000
38.156250
15.968750
10.859375
12.000000
26.015625
25.906250
20.046875
21.843750
37.500000
31.234375
31.437500
19.453125
20.359375
27.890625
29.656250
35.125000
19.343750
15.343750
25.625000
21.015625
21.296875
28.859375
16.500000
16.984375
21.671875
13.953125
14.984375
14.000000
22.281250
18.734375
23.046875
24.687500
13.343750
13.687500
13.609375
23.062500
15.437500
22.218750
29.546875
13.750000
12.156250
13.656250
10.515625
19.875000
14.046875
32.765625
17.640625
15.421875
22.328125
15.046875
28.343750
33.171875
26.703125
13.187500
16.234375
16.718750
30.562500
8.437500
22.515625
17.328125
30.875000
13.046875
27.968750
27.546875
10.796875
13.750000
26.984375
26.171875
19.015625
24.187500
28.312500
34.375000
15.843750
27.484375
27.015625
13.812500
16.859375
13.531250
16.812500
14.968750
19.031250
17.687500
17.515625
18.625000
12.093750
27.078125
29.968750
16.312500
14.890625
24.859375
24.937500
36.265625
13.046875
15.984375
7.953125
22.265625
21.937500
22.812500
35.265625
22.312500
15.750000
35.984375
20.265625
21.031250
21.718750
22.531250
21.750000
26.578125
21.953125
23.984375
8.343750
21.218750
16.171875
27.312500
21.906250
34.078125
21.406250
30.218750
38.937500
34.109375
19.312500
15.078125
12.625000
33.765625
27.406250
23.593750
22.515625
21.718750
21.640625
18.406250
26.906250
17.375000
31.656250
17.625000
36.187500
24.031250
26.390625
10.312500
37.296875
24.375000
25.968750
30.171875
18.656250
18.781250
16.234375
26.281250
15.750000
35.578125
23.593750
17.765625
24.796875
35.359375
22.828125
25.171875
31.921875
22.359375
18.765625
20.734375
20.578125
17.031250
34.734375
13.609375
14.234375
25.312500
21.093750
22.484375
21.218750
25.812500
20.687500
21.390625
16.812500
13.781250
11.343750
10.890625
14.109375
22.375000
32.671875
24.500000
32.203125
26.062500
16.703125
24.140625
29.421875
24.578125
14.718750
22.109375
19.281250
24.531250
25.781250
22.515625
24.562500
16.218750
25.453125
16.906250
40.875000
21.390625
22.125000
26.140625
16.593750
25.343750
23.125000
23.078125
23.687500
10.265625
26.484375
26.093750
15.515625
20.203125
26.109375
27.984375
11.328125
20.406250
17.718750
27.093750
23.343750
22.015625
30.281250
22.625000
20.609375
19.140625
16.468750
32.625000
26.390625
20.671875
29.921875
21.906250
14.000000
22.234375
15.578125
21.046875
15.796875
26.562500
15.250000
18.359375
19.656250
20.406250
29.906250
13.390625
17.515625
16.921875
25.812500
4.984375
19.687500
19.375000
34.328125
35.515625
15.937500
32.828125
24.000000
37.828125
23.656250
16.890625
23.296875
10.906250
15.625000
21.859375
16.734375
19.843750
12.093750
30.750000
24.359375
23.078125
12.250000
20.656250
19.125000
12.875000
16.718750
31.500000
14.578125
27.750000
30.703125
29.890625
26.906250
30.218750
24.421875
15.593750
28.781250
24.343750
27.531250
24.843750
31.062500
34.531250
25.234375
34.531250
23.359375
27.296875
32.156250
29.687500
11.968750
22.671875
16.703125
19.203125
16.062500
24.593750
23.390625
29.859375
16.328125
22.843750
14.953125
36.500000
20.781250
23.125000
23.453125
16.546875
20.937500
25.890625
22.500000
19.656250
20.843750
18.609375
30.265625
24.734375
28.609375
15.812500
28.640625
17.390625
15.343750
12.046875
14.296875
14.000000
10.031250
34.625000
40.281250
24.093750
20.078125
35.875000
25.937500
32.625000
24.140625
21.640625
34.718750
19.562500
28.234375
13.312500
18.546875
36.453125
20.156250
20.625000
12.375000
26.359375
21.312500
24.515625
18.156250
25.656250
20.625000
21.984375
7.718750
23.359375
26.656250
27.593750
20.718750
21.156250
23.109375
25.421875
26.609375
31.625000
10.703125
21.781250
22.843750
20.765625
32.015625
23.125000
36.343750
24.265625
25.796875
32.968750
21.156250
27.968750
22.640625
25.109375
17.000000
21.500000
20.015625
20.515625
27.562500
17.046875
16.250000
19.593750
22.218750
28.109375
15.906250
20.796875
22.437500
22.671875
37.187500
27.781250
19.343750
12.312500
13.250000
19.687500
19.250000
22.078125
30.484375
23.796875
24.578125
30.828125
21.656250
27.656250
18.515625
19.468750
19.640625
17.687500
22.046875
27.718750
15.359375
13.171875
30.640625
30.171875
22.343750
12.015625
29.828125
12.921875
10.859375
27.234375
9.500000
25.906250
16.296875
14.765625
21.750000
27.250000
29.390625
19.921875
8.843750
43.750000
24.015625
28.656250
27.203125
25.250000
25.656250
15.031250
17.640625
13.890625
16.125000
26.734375
31.843750
25.406250
14.187500
23.578125
24.250000
31.671875
18.531250
16.765625
29.218750
13.546875
21.890625
17.656250
18.296875
30.000000
30.328125
24.718750
30.437500
19.062500
16.015625
20.500000
13.109375
26.328125
24.437500
15.437500
9.765625
29.359375
29.468750
40.984375
19.140625
17.609375
19.250000
14.437500
17.375000
32.671875
24.046875
6.062500
25.203125
11.140625
14.968750
27.890625
16.062500
25.718750
19.750000
46.031250
16.437500
13.140625
29.218750
27.171875
17.593750
23.718750
35.500000
18.562500
25.890625
19.218750
18.281250
29.156250
28.156250
12.031250
24.953125
27.359375
36.031250
13.218750
21.078125
20.656250
16.625000
25.921875
17.578125
26.031250
26.515625
21.187500
11.562500
19.578125
28.734375
17.093750
18.843750
24.125000
30.312500
22.078125
16.453125
16.968750
35.937500
20.218750
19.875000
15.875000
10.671875
14.390625
24.515625
16.171875
15.906250
31.000000
19.109375
13.078125
40.843750
25.109375
19.546875
26.375000
19.718750
16.171875
14.531250
32.734375
12.140625
10.234375
12.046875
29.421875
11.531250
21.734375
19.500000
23.703125
18.218750
20.218750
38.937500
29.656250
19.281250
16.140625
22.968750
34.562500
19.328125
18.875000
26.015625
17.843750
21.312500
16.843750
19.875000
16.109375
36.656250
21.296875
22.812500
19.359375
24.531250
23.406250
24.078125
21.453125
20.921875
15.453125
25.843750
33.921875
43.234375
14.437500
17.437500
18.031250
25.703125
13.593750
28.890625
23.859375
26.875000
21.812500
44.343750
20.750000
43.937500
23.687500
15.343750
29.515625
24.546875
24.359375
23.062500
13.671875
20.937500
26.234375
34.656250
30.109375
21.468750
9.640625
32.109375
22.265625
26.578125
16.328125
18.640625
27.781250
31.937500
30.203125
16.750000
24.593750
14.125000
20.875000
17.656250
20.968750
15.859375
22.546875
20.921875
18.515625
18.312500
12.843750
24.968750
24.468750
32.328125
14.718750
25.031250
33.546875
27.406250
23.000000
17.828125
22.937500
17.468750
34.125000
31.093750
33.968750
18.328125
29.046875
20.125000
16.109375
34.921875
12.593750
20.296875
12.359375
13.921875
36.734375
18.453125
22.968750
22.609375
24.468750
20.312500
20.765625
8.125000
34.515625
29.937500
11.500000
20.343750
17.406250
21.343750
16.031250
44.625000
27.968750
15.953125
17.734375
31.515625
19.875000
29.015625
19.734375
13.250000
24.125000
15.156250
40.875000
24.500000
26.171875
22.812500
18.593750
31.968750
19.906250
28.984375
43.312500
28.781250
27.359375
30.062500
16.578125
30.203125
10.156250
28.250000
11.984375
20.640625
14.906250
12.218750
19.187500
24.250000
18.875000
18.265625
13.046875
25.062500
14.187500
20.546875
20.953125
19.562500
23.296875
21.468750
15.484375
12.453125
21.093750
36.156250
23.343750
17.578125
35.765625
21.921875
17.375000
21.359375
18.218750
16.406250
19.562500
20.156250
8.203125
20.421875
20.546875
10.703125
11.296875
27.609375
22.656250
12.937500
26.234375
27.406250
8.328125
18.859375
32.437500
14.718750
31.156250
25.406250
14.515625
37.328125
35.781250
20.500000
12.312500
36.171875
25.906250
30.171875
36.750000
35.671875
27.031250
28.890625
25.578125
29.750000
25.187500
11.875000
30.890625
13.890625
26.640625
16.375000
16.531250
24.734375
35.109375
21.796875
33.609375
13.171875
9.640625
41.265625
26.906250
16.812500
17.640625
17.250000
18.015625
29.093750
32.156250
19.343750
7.953125
9.640625
27.578125
29.625000
18.812500
18.843750
44.671875
8.468750
28.359375
32.281250
24.046875
25.156250
26.406250
35.125000
14.687500
14.859375
24.015625
20.046875
23.921875
45.671875
31.156250
24.390625
36.703125
19.328125
20.578125
28.093750
18.875000
20.281250
9.453125
23.125000
52.468750
20.687500
31.718750
33.468750
20.187500
8.609375
14.218750
31.578125
16.750000
17.640625
16.343750
13.546875
21.484375
22.078125
27.250000
13.078125
22.437500
37.078125
30.890625
27.078125
10.828125
25.593750
26.062500
31.281250
22.781250
32.625000
9.562500
27.375000
11.140625
31.562500
26.250000
28.515625
20.968750
21.921875
8.875000
48.125000
16.875000
17.468750
7.406250
18.109375
14.656250
29.218750
29.328125
37.781250
18.890625
17.828125
32.703125
18.546875
14.687500
13.859375
7.609375
29.046875
23.156250
21.796875
18.359375
14.843750
14.828125
17.218750
23.906250
19.828125
28.468750
13.984375
32.031250
17.828125
28.500000
24.343750
17.093750
25.640625
21.718750
14.734375
30.562500
47.296875
31.562500
26.093750
33.484375
18.890625
30.515625
13.671875
21.906250
18.312500
14.015625
20.781250
19.156250
9.437500
24.718750
16.890625
19.109375
23.046875
24.859375
24.859375
14.593750
25.515625
20.078125
21.343750
13.875000
15.781250
30.343750
18.562500
33.093750
36.875000
23.000000
36.890625
17.765625
33.937500
27.828125
28.328125
35.718750
24.968750
25.593750
26.656250
22.546875
12.640625
26.718750
35.718750
37.609375
15.500000
11.609375
23.656250
13.703125
11.171875
27.281250
16.515625
13.968750
13.953125
45.171875
15.437500
22.109375
21.828125
16.609375
30.218750
22.015625
11.781250
20.734375
48.421875
15.875000
25.312500
25.359375
17.546875
18.062500
29.187500
29.031250
21.453125
23.781250
11.359375
25.562500
20.906250
16.281250
27.500000
17.296875
20.312500
22.609375
21.453125
30.796875
19.078125
17.781250
21.656250
12.609375
19.156250
31.906250
24.953125
23.031250
12.250000
25.250000
24.578125
20.359375
26.015625
12.390625
28.140625
14.015625
16.250000
19.921875
19.593750
30.703125
21.812500
12.859375
11.609375
21.687500
19.937500
14.859375
15.968750
31.468750
22.687500
27.593750
29.343750
31.093750
10.078125
15.953125
25.093750
19.343750
17.734375
17.968750
24.000000
21.109375
14.140625
33.140625
15.015625
23.109375
30.234375
11.328125
19.687500
12.953125
19.484375
26.656250
14.750000
6.671875
26.234375
22.468750
33.546875
15.015625
28.109375
26.500000
25.078125
17.187500
15.828125
25.562500
30.812500
23.453125
12.296875
38.296875
19.812500
23.671875
27.937500
33.718750
32.296875
20.156250
18.421875
16.937500
41.468750
17.187500
27.250000
29.406250
12.843750
23.781250
31.718750
20.875000
30.750000
37.250000
14.828125
7.375000
18.843750
14.421875
29.515625
17.140625
26.250000
15.734375
22.312500
32.765625
30.265625
38.609375
29.421875
16.000000
39.984375
25.890625
24.859375
26.187500
11.218750
18.046875
28.265625
7.359375
16.062500
21.921875
29.218750
13.015625
38.875000
12.718750
19.875000
27.500000
20.406250
26.625000
26.203125
31.812500
9.953125
24.609375
10.906250
19.015625
18.437500
19.625000
21.875000
24.515625
27.156250
18.359375
17.640625
18.078125
24.234375
22.312500
25.781250
22.640625
14.468750
17.265625
21.906250
22.375000
36.937500
12.843750
22.031250
20.718750
29.687500
24.531250
21.812500
17.484375
21.921875
23.500000
39.671875
24.953125
26.937500
22.546875
17.718750
24.015625
17.187500
17.718750
21.906250
28.093750
23.281250
11.765625
37.843750
20.937500
25.921875
26.093750
14.765625
17.781250
26.703125
23.218750
7.437500
24.921875
15.875000
18.718750
12.390625
24.359375
28.750000
3.687500
15.937500
22.515625
13.531250
21.593750
11.171875
21.125000
22.578125
17.687500
23.062500
23.609375
18.421875
41.312500
10.968750
17.609375
15.312500
20.546875
9.031250
16.218750
21.031250
19.078125
21.109375
24.140625
16.703125
22.203125
45.250000
32.812500
38.218750
33.812500
15.359375
16.937500
20.718750
27.468750
25.265625
19.218750
16.000000
26.328125
48.359375
19.328125
21.468750
16.687500
25.515625
26.500000
22.937500
14.453125
20.046875
20.421875
16.609375
12.953125
31.718750
23.187500
4.687500
22.812500
24.781250
19.078125
34.031250
16.781250
8.218750
15.953125
23.296875
22.296875
17.234375
30.968750
17.796875
28.109375
22.000000
30.390625
30.156250
14.578125
38.671875
20.718750
24.421875
14.671875
27.421875
28.281250
27.156250
19.375000
22.109375
21.703125
25.062500
25.937500
31.578125
11.437500
25.203125
19.359375
50.562500
39.140625
24.218750
14.000000
14.921875
22.296875
15.343750
34.437500
12.125000
13.468750
23.609375
36.625000
20.328125
21.468750
19.937500
12.750000
12.328125
38.109375
24.187500
15.156250
27.437500
13.125000
15.484375
15.515625
18.484375
17.671875
22.250000
32.515625
9.937500
23.937500
20.375000
8.890625
16.421875
15.875000
14.750000
20.546875
11.390625
11.781250
24.593750
34.671875
24.484375
15.859375
19.765625
14.031250
21.562500
26.000000
31.921875
32.765625
33.140625
28.609375
26.390625
32.343750
30.828125
11.343750
26.921875
24.406250
14.671875
12.656250
22.265625
24.875000
24.687500
22.250000
25.640625
23.812500
24.468750
29.437500
13.140625
25.062500
30.453125
34.156250
34.703125
35.421875
24.718750
19.312500
17.031250
31.562500
23.046875
14.765625
26.546875
18.812500
9.734375
20.046875
23.093750
30.500000
22.640625
22.890625
10.546875
18.328125
22.421875
31.312500
17.125000
30.500000
17.921875
14.234375
23.562500
27.765625
19.906250
16.359375
20.890625
15.671875
14.406250
18.000000
26.421875
18.109375
26.187500
14.500000
28.500000
26.578125
18.062500
12.453125
36.359375
13.671875
19.828125
19.781250
22.250000
8.062500
31.937500
17.000000
24.140625
18.640625
11.859375
25.625000
17.390625
26.796875
23.296875
25.281250
15.718750
20.109375
14.171875
27.500000
46.781250
19.312500
13.015625
20.828125
17.765625
19.921875
15.156250
21.406250
30.953125
23.015625
22.140625
21.250000
12.937500
16.734375
27.265625
30.328125
24.250000
17.250000
22.937500
13.046875
19.578125
16.812500
11.906250
40.234375
23.937500
22.578125
35.875000
24.593750
35.609375
19.125000
43.046875
38.859375
30.625000
20.656250
12.984375
21.781250
12.703125
21.718750
21.828125
21.578125
20.750000
24.281250
22.265625
37.546875
31.546875
28.640625
31.437500
15.734375
26.000000
30.437500
23.406250
12.718750
16.390625
15.765625
10.453125
24.625000
23.906250
32.484375
19.390625
27.125000
20.625000
16.406250
18.171875
23.656250
24.640625
20.703125
21.093750
28.265625
29.109375
26.031250
18.578125
18.906250
19.640625
18.109375
27.656250
28.093750
29.796875
15.812500
24.078125
21.171875
39.125000
17.093750
32.484375
37.984375
31.296875
22.875000
25.546875
13.750000
22.687500
29.781250
13.562500
36.250000
18.734375
10.859375
12.593750
18.593750
15.515625
27.140625
19.515625
18.000000
21.625000
27.796875
29.562500
25.609375
25.140625
23.453125
7.437500
18.453125
33.703125
26.734375
30.453125
14.953125
10.109375
18.953125
31.000000
36.921875
27.140625
32.109375
21.578125
15.890625
16.828125
25.109375
23.906250
30.734375
38.687500
16.875000
35.546875
20.203125
20.890625
19.953125
20.250000
20.265625
25.234375
23.000000
23.000000
19.562500
23.515625
37.578125
14.078125
14.546875
13.765625
21.656250
27.781250
30.437500
25.406250
14.781250
13.875000
16.312500
23.984375
13.875000
19.984375
26.765625
29.968750
33.015625
38.421875
20.640625
23.671875
13.203125
41.390625
30.625000
21.156250
19.343750
21.109375
44.859375
35.109375
20.421875
17.203125
35.968750
18.640625
9.062500
16.140625
14.250000
18.171875
20.859375
11.375000
15.937500
21.062500
48.500000
20.421875
24.390625
31.890625
14.281250
13.718750
20.500000
18.578125
21.203125
22.265625
24.687500
49.812500
33.406250
22.500000
16.687500
20.718750
23.015625
20.484375
19.640625
24.031250
45.562500
18.171875
16.484375
26.015625
22.812500
15.734375
12.656250
34.484375
22.531250
15.187500
30.125000
26.250000
18.093750
14.250000
23.812500
25.359375
20.062500
23.000000
17.859375
19.296875
20.203125
17.468750
24.062500
29.203125
31.625000
30.031250
21.875000
21.265625
10.468750
21.062500
24.609375
23.484375
18.484375
22.203125
20.171875
19.250000
8.765625
14.687500
20.453125
28.390625
30.484375
25.375000
16.578125
24.625000
17.953125
31.078125
28.203125
22.906250
17.000000
34.656250
37.765625
19.093750
22.109375
13.640625
20.437500
23.406250
30.703125
46.140625
22.484375
16.078125
19.796875
27.468750
11.343750
21.234375
22.265625
25.437500
25.843750
18.203125
33.546875
23.687500
22.437500
12.109375
25.703125
27.125000
32.421875
25.765625
26.687500
21.125000
22.890625
24.750000
17.390625
35.484375
12.593750
18.546875
9.312500
13.515625
15.187500
11.125000
45.781250
25.890625
21.531250
14.093750
18.093750
30.687500
16.312500
24.062500
21.234375
26.468750
27.359375
11.718750
20.140625
17.562500
25.703125
17.921875
17.656250
13.203125
15.156250
16.843750
28.015625
50.328125
9.921875
10.984375
33.828125
15.625000
21.968750
24.093750
32.250000
24.250000
22.906250
32.281250
22.171875
35.390625
22.515625
24.343750
15.281250
9.265625
28.156250
27.500000
31.828125
20.875000
19.359375
10.812500
34.046875
21.625000
26.718750
24.203125
16.562500
21.125000
18.312500
17.578125
28.328125
28.375000
30.312500
37.406250
18.046875
15.984375
22.156250
17.015625
23.984375
8.546875
12.078125
9.203125
18.968750
16.031250
20.765625
36.359375
31.656250
18.593750
26.640625
26.312500
14.296875
34.343750
18.296875
23.671875
31.500000
26.328125
19.875000
13.625000
32.484375
24.453125
17.671875
31.296875
33.625000
34.437500
25.203125
12.171875
25.765625
33.937500
22.968750
20.562500
30.140625
20.421875
29.781250
25.406250
15.687500
15.578125
27.562500
17.093750
23.687500
27.984375
23.703125
17.812500
20.859375
28.625000
14.234375
23.171875
24.765625
7.968750
18.609375
27.390625
6.187500
24.625000
12.015625
31.546875
25.312500
28.375000
50.984375
25.390625
29.750000
16.234375
25.093750
34.203125
14.125000
17.265625
23.656250
16.921875
37.843750
26.171875
20.046875
16.078125
24.515625
15.484375
23.796875
34.593750
17.828125
26.328125
16.890625
12.437500
17.875000
22.937500
20.140625
16.234375
33.484375
22.421875
33.093750
23.375000
27.031250
18.781250
20.296875
24.750000
24.812500
33.359375
15.546875
28.906250
25.453125
19.593750
9.328125
18.375000
16.125000
35.875000
37.000000
37.421875
19.375000
24.781250
25.390625
19.812500
19.859375
14.515625
23.015625
24.250000
16.718750
12.703125
37.843750
30.562500
32.125000
14.671875
13.593750
17.656250
21.953125
22.718750
8.953125
30.671875
25.921875
19.406250
13.125000
20.375000
12.765625
19.390625
24.875000
28.265625
8.328125
13.781250
20.734375
17.375000
15.281250
17.531250
33.390625
16.515625
26.015625
30.984375
24.390625
22.859375
19.078125
15.343750
15.640625
12.359375
27.718750
34.656250
32.625000
29.640625
20.078125
23.343750
16.281250
24.781250
12.765625
16.234375
25.984375
35.890625
23.468750
40.312500
25.343750
17.343750
12.453125
20.531250
35.093750
33.359375
22.109375
15.703125
20.578125
25.468750
27.468750
41.468750
25.203125
37.312500
26.421875
25.031250
32.500000
19.656250
30.078125
29.062500
17.687500
23.734375
22.140625
16.765625
30.531250
29.265625
32.296875
30.796875
14.984375
30.265625
19.468750
10.718750
21.796875
42.734375
11.968750
18.531250
29.828125
19.015625
20.171875
9.343750
32.671875
27.015625
25.296875
25.203125
23.046875
24.796875
24.218750
16.062500
24.515625
37.906250
12.750000
37.593750
23.437500
18.531250
21.953125
27.187500
38.000000
20.578125
21.843750
16.828125
26.171875
33.031250
24.453125
29.515625
18.328125
44.703125
17.671875
16.593750
16.890625
18.875000
24.406250
22.234375
16.828125
12.953125
18.296875
23.609375
16.500000
28.968750
15.390625
14.125000
14.812500
11.765625
15.421875
24.109375
32.843750
30.484375
16.125000
19.000000
33.468750
28.093750
25.875000
22.437500
28.265625
15.625000
36.500000
29.812500
16.859375
14.265625
22.515625
16.437500
16.343750
28.703125
22.734375
36.875000
18.359375
14.906250
29.281250
21.875000
18.031250
12.812500
22.656250
13.468750
25.062500
26.734375
28.750000
19.062500
17.343750
20.953125
41.937500
22.968750
30.625000
18.453125
16.718750
17.625000
20.859375
13.484375
30.375000
22.000000
33.265625
26.593750
25.468750
17.453125
30.078125
11.531250
16.234375
24.359375
15.640625
18.140625
33.078125
22.953125
26.484375
27.750000
19.312500
19.750000
42.000000
31.218750
26.171875
20.906250
23.671875
14.984375
24.265625
10.875000
37.687500
23.750000
36.593750
17.375000
8.859375
13.281250
11.640625
16.390625
21.312500
21.093750
17.078125
21.609375
19.218750
8.875000
22.109375
17.500000
17.984375
20.656250
19.218750
9.218750
11.390625
26.171875
20.515625
26.656250
29.843750
43.125000
19.703125
9.140625
34.921875
40.859375
14.359375
20.609375
26.562500
37.031250
31.140625
17.437500
31.656250
36.078125
29.484375
13.578125
32.250000
29.343750
28.265625
30.484375
15.890625
26.875000
26.062500
18.734375
26.296875
24.421875
17.781250
13.890625
31.375000
9.890625
28.203125
24.687500
15.281250
26.218750
14.687500
32.093750
24.953125
23.515625
18.515625
24.734375
20.328125
15.328125
23.859375
17.906250
19.625000
16.812500
28.453125
19.093750
14.843750
16.531250
33.671875
12.843750
24.437500
12.609375
35.203125
19.593750
18.562500
23.140625
25.406250
27.687500
12.859375
35.671875
17.000000
27.968750
16.109375
31.140625
11.562500
11.750000
38.062500
13.812500
17.578125
8.578125
11.750000
33.125000
26.687500
13.000000
27.953125
13.609375
13.484375
28.796875
24.437500
24.859375
19.140625
19.187500
24.671875
21.343750
22.843750
16.781250
43.171875
19.671875
17.843750
25.687500
18.031250
19.359375
22.593750
18.625000
15.093750
20.953125
24.890625
22.468750
31.453125
19.218750
23.562500
32.390625
23.890625
23.625000
10.968750
29.687500
13.015625
26.750000
34.156250
15.296875
9.375000
39.937500
17.671875
24.250000
19.281250
38.031250
14.921875
23.156250
24.906250
17.453125
16.609375
23.843750
24.562500
22.812500
19.156250
16.109375
21.187500
17.781250
23.078125
25.453125
19.484375
19.781250
35.031250
18.000000
20.671875
30.859375
12.234375
26.375000
13.078125
27.671875
30.484375
19.328125
25.531250
18.031250
23.640625
14.234375
28.156250
37.281250
22.406250
17.046875
30.562500
24.703125
31.125000
22.875000
41.390625
40.109375
35.296875
26.312500
22.812500
31.515625
43.250000
23.953125
14.812500
35.406250
20.968750
28.437500
14.968750
20.218750
30.875000
28.828125
40.390625
23.796875
16.390625
19.359375
16.734375
26.359375
15.375000
31.687500
25.875000
23.046875
15.046875
18.578125
20.296875
23.812500
16.062500
27.906250
22.171875
28.187500
17.671875
22.546875
15.843750
29.296875
14.093750
31.734375
16.843750
24.406250
24.125000
30.343750
33.812500
26.875000
19.984375
17.593750
12.468750
11.750000
21.593750
9.703125
27.437500
23.531250
23.687500
16.968750
27.687500
22.953125
31.890625
26.046875
17.734375
25.843750
26.640625
20.546875
30.812500
30.656250
17.093750
25.750000
9.781250
12.218750
15.656250
30.531250
23.484375
31.234375
19.453125
22.312500
20.171875
13.937500
28.687500
21.281250
24.546875
19.250000
9.140625
29.640625
13.265625
15.359375
47.125000
15.468750
11.921875
29.953125
35.953125
15.593750
11.531250
24.687500
23.343750
19.421875
21.984375
20.296875
37.265625
32.890625
23.531250
11.859375
20.515625
23.906250
18.687500
28.062500
24.203125
27.406250
20.187500
14.765625
27.531250
10.875000
23.562500
32.765625
23.437500
9.453125
16.609375
30.671875
24.781250
36.390625
11.781250
11.484375
25.421875
25.859375
14.312500
14.640625
30.562500
17.734375
19.796875
19.281250
27.625000
29.343750
15.859375
18.140625
21.187500
30.437500
18.140625
19.156250
24.687500
24.562500
25.140625
19.421875
20.718750
9.046875
25.109375
15.687500
20.312500
30.406250
24.125000
29.781250
35.562500
12.953125
24.578125
14.625000
14.984375
13.890625
22.187500
27.593750
22.562500
19.796875
21.437500
21.093750
18.921875
31.156250
19.765625
24.875000
9.000000
17.828125
15.609375
11.718750
26.453125
22.546875
27.015625
15.546875
31.500000
17.765625
24.125000
24.718750
19.093750
34.500000
26.406250
19.500000
17.000000
17.609375
28.593750
33.000000
15.296875
13.968750
26.546875
13.390625
23.890625
18.718750
26.062500
56.328125
25.421875
10.765625
32.812500
20.812500
22.671875
17.718750
19.265625
39.343750
17.734375
25.218750
29.093750
19.515625
33.125000
28.328125
24.828125
18.531250
22.218750
9.546875
24.656250
23.640625
14.265625
32.937500
12.453125
32.718750
11.906250
24.656250
36.578125
30.468750
18.265625
43.078125
22.906250
31.828125
25.796875
16.406250
24.171875
10.890625
34.046875
12.593750
32.546875
34.703125
19.437500
35.250000
22.437500
13.328125
31.265625
32.906250
30.140625
14.437500
13.859375
18.640625
24.828125
18.046875
23.187500
26.343750
29.328125
12.625000
18.453125
21.328125
15.859375
31.484375
31.734375
8.328125
27.328125
13.703125
30.828125
19.500000
23.953125
15.062500
23.343750
18.328125
22.671875
17.218750
18.906250
38.171875
26.343750
16.296875
25.640625
19.843750
16.781250
17.890625
25.203125
15.093750
36.500000
10.218750
12.250000
24.828125
15.937500
25.828125
7.546875
22.812500
22.921875
23.171875
25.812500
26.593750
19.218750
32.250000
19.359375
15.171875
15.609375
25.484375
12.859375
26.125000
13.890625
20.671875
10.640625
19.656250
22.531250
30.796875
16.375000
16.890625
27.875000
14.437500
25.156250
23.281250
22.671875
19.078125
12.625000
25.656250
25.687500
13.906250
15.359375
19.656250
29.156250
15.671875
28.531250
30.468750
24.468750
19.593750
28.390625
19.109375
25.453125
26.343750
26.984375
32.078125
19.359375
33.015625
32.906250
9.062500
12.421875
31.312500
20.406250
14.875000
18.718750
25.812500
37.218750
25.609375
36.468750
21.828125
28.781250
16.343750
26.031250
23.125000
18.046875
29.046875
21.484375
26.765625
17.515625
13.609375
17.828125
24.406250
20.156250
22.171875
22.640625
15.937500
16.125000
18.375000
15.343750
16.328125
18.187500
30.140625
15.734375
12.765625
12.343750
43.609375
24.906250
13.953125
42.484375
31.500000
23.312500
51.468750
22.937500
23.421875
17.125000
34.109375
12.796875
22.000000
36.125000
29.953125
17.156250
10.953125
17.625000
19.984375
29.171875
18.765625
18.453125
30.265625
26.281250
23.265625
31.390625
24.453125
20.203125
29.234375
14.062500
17.687500
39.125000
23.421875
16.781250
15.718750
16.562500
8.750000
21.109375
31.343750
22.234375
30.296875
25.484375
18.234375
37.796875
21.546875
12.312500
9.734375
27.578125
22.531250
34.109375
18.765625
19.406250
26.156250
15.000000
19.328125
18.203125
19.921875
8.328125
14.984375
27.421875
26.921875
29.437500
18.234375
18.515625
16.109375
14.546875
23.593750
23.468750
31.671875
19.078125
24.234375
27.468750
28.890625
18.734375
32.046875
22.484375
39.562500
20.687500
18.593750
28.234375
18.484375
15.671875
28.171875
11.953125
24.687500
15.890625
31.906250
8.281250
19.984375
17.140625
22.375000
44.515625
28.578125
22.203125
20.796875
20.953125
17.187500
9.328125
20.562500
30.453125
34.062500
28.296875
27.875000
53.562500
23.906250
21.531250
16.203125
16.812500
20.718750
20.640625
11.890625
39.078125
16.343750
17.921875
13.343750
28.140625
24.875000
19.718750
14.687500
22.687500
28.125000
27.906250
25.453125
15.796875
13.421875
22.968750
29.343750
23.531250
24.031250
23.703125
30.390625
20.703125
35.593750
14.046875
29.937500
35.937500
49.265625
22.656250
29.578125
17.359375
29.406250
19.750000
23.609375
23.625000
14.156250
19.671875
24.765625
27.015625
29.218750
23.312500
26.250000
24.734375
19.921875
38.828125
28.578125
17.843750
23.796875
30.078125
13.781250
31.890625
8.015625
26.281250
11.500000
24.250000
35.421875
31.796875
28.328125
13.765625
13.859375
23.171875
18.718750
13.109375
7.500000
19.046875
14.578125
20.906250
22.250000
9.000000
24.250000
32.812500
19.828125
39.937500
38.515625
18.187500
13.843750
21.187500
9.359375
43.562500
21.843750
29.109375
21.812500
38.578125
25.515625
20.734375
25.078125
29.609375
24.828125
21.421875
24.453125
22.062500
14.984375
31.062500
21.734375
13.328125
33.375000
10.906250
16.625000
24.000000
37.875000
34.921875
27.921875
19.578125
34.015625
25.578125
13.218750
17.171875
40.546875
21.328125
24.828125
21.015625
21.375000
26.296875
41.843750
37.765625
16.984375
19.656250
23.468750
14.968750
16.250000
20.843750
30.968750
33.109375
37.218750
17.359375
32.953125
34.156250
52.109375
33.609375
26.265625
7.406250
32.562500
22.265625
24.921875
16.125000
21.484375
36.390625
21.187500
26.562500
18.468750
21.140625
26.734375
17.468750
17.171875
29.718750
21.687500
15.687500
17.578125
25.500000
17.187500
31.125000
21.484375
26.203125
19.765625
13.015625
15.343750
21.921875
16.375000
21.281250
15.281250
13.843750
21.468750
45.328125
27.734375
19.984375
22.937500
20.734375
27.125000
22.312500
23.140625
24.718750
17.000000
44.156250
19.437500
17.343750
16.390625
21.796875
9.656250
15.609375
9.796875
15.703125
18.765625
20.765625
15.593750
37.937500
15.359375
20.125000
28.296875
28.046875
11.109375
14.625000
25.250000
23.734375
25.671875
23.671875
8.484375
20.109375
38.078125
26.328125
25.156250
20.500000
27.796875
15.406250
26.906250
29.828125
33.359375
25.093750
17.390625
28.625000
13.750000
25.578125
24.531250
33.375000
10.109375
21.312500
16.156250
18.234375
28.140625
22.531250
36.875000
20.828125
31.343750
6.171875
10.546875
26.437500
22.687500
12.828125
26.812500
14.609375
14.843750
27.500000
24.984375
23.109375
14.968750
8.296875
39.734375
12.953125
9.796875
41.578125
16.187500
45.359375
18.671875
35.109375
32.812500
23.609375
16.687500
29.750000
17.859375
22.156250
40.593750
26.109375
29.359375
18.578125
19.093750
30.109375
25.796875
15.562500
22.015625
12.375000
25.359375
18.953125
14.515625
25.093750
18.671875
35.500000
15.578125
19.281250
17.593750
18.093750
9.984375
27.781250
21.171875
17.796875
41.703125
29.515625
36.046875
15.656250
17.000000
36.296875
17.218750
28.734375
21.296875
24.421875
10.750000
20.000000
20.640625
15.312500
28.828125
24.062500
29.250000
28.359375
28.781250
15.296875
27.234375
29.484375
24.515625
23.734375
22.406250
17.578125
18.890625
22.218750
27.703125
25.531250
32.484375
12.218750
35.953125
26.421875
44.687500
19.531250
41.718750
30.859375
26.390625
30.140625
15.093750
31.078125
18.734375
31.031250
30.093750
17.687500
14.359375
17.109375
23.578125
37.953125
24.015625
31.656250
29.921875
23.187500
18.515625
26.515625
27.828125
27.359375
14.156250
34.125000
23.000000
13.015625
19.421875
22.046875
15.609375
22.828125
17.593750
20.578125
23.359375
27.750000
19.703125
24.812500
28.812500
24.171875
28.796875
29.046875
27.218750
26.578125
25.296875
17.031250
24.125000
33.046875
29.015625
15.765625
11.078125
10.625000
22.906250
10.593750
23.859375
14.328125
25.609375
31.390625
12.312500
28.859375
13.171875
18.984375
20.359375
21.687500
27.156250
31.843750
30.031250
18.609375
14.578125
21.781250
18.953125
17.437500
17.250000
24.390625
11.937500
23.890625
18.921875
35.250000
25.656250
17.906250
18.343750
29.796875
23.421875
18.562500
14.046875
14.015625
39.156250
15.062500
21.968750
29.562500
16.250000
26.671875
24.453125
30.890625
22.375000
20.250000
30.562500
29.015625
28.828125
17.343750
17.921875
27.734375
24.343750
25.390625
20.421875
17.203125
22.796875
19.953125
20.953125
21.656250
19.234375
22.468750
19.921875
20.671875
23.187500
15.562500
42.328125
24.656250
17.562500
30.609375
23.359375
24.984375
32.515625
27.421875
26.140625
16.765625
18.640625
27.921875
15.656250
12.000000
20.312500
27.109375
29.968750
25.046875
32.125000
24.343750
21.453125
16.203125
21.875000
13.921875
18.968750
19.140625
18.906250
22.312500
33.406250
24.609375
22.750000
21.437500
25.734375
25.687500
18.937500
16.468750
24.796875
38.421875
13.593750
18.890625
25.015625
29.546875
11.281250
17.937500
18.640625
13.562500
14.234375
10.734375
32.171875
17.062500
14.703125
19.343750
20.078125
12.640625
28.250000
23.921875
16.390625
26.078125
21.078125
34.031250
21.531250
20.109375
16.171875
32.187500
18.265625
18.359375
15.093750
16.343750
32.593750
24.515625
24.546875
20.484375
17.734375
38.437500
25.484375
20.250000
36.140625
25.953125
27.156250
18.734375
16.046875
25.859375
19.093750
20.671875
29.187500
17.125000
29.109375
29.687500
23.531250
20.437500
18.296875
22.734375
44.781250
24.656250
26.953125
19.421875
35.343750
18.562500
23.828125
27.468750
34.968750
16.812500
13.500000
20.187500
17.046875
21.656250
14.546875
23.656250
23.093750
12.046875
28.484375
21.703125
15.468750
23.406250
30.500000
18.531250
24.187500
26.109375
21.734375
16.437500
12.265625
17.578125
22.796875
40.718750
17.625000
40.718750
18.203125
6.437500
20.312500
13.359375
35.953125
22.562500
22.593750
24.859375
21.875000
17.156250
27.015625
34.406250
25.812500
18.671875
19.812500
18.062500
20.093750
14.281250
38.531250
17.703125
25.109375
23.359375
18.468750
26.546875
30.765625
29.546875
17.671875
33.875000
27.562500
14.562500
14.203125
25.671875
13.656250
19.843750
25.890625
17.546875
16.734375
11.406250
12.703125
14.953125
27.359375
23.296875
7.859375
15.625000
12.593750
13.703125
37.234375
22.015625
24.140625
14.093750
22.109375
18.796875
35.046875
22.453125
39.187500
37.812500
19.046875
37.875000
24.406250
39.781250
32.031250
8.687500
31.718750
27.515625
24.421875
23.796875
27.531250
13.625000
31.046875
13.578125
12.796875
18.187500
22.687500
15.656250
38.156250
22.953125
30.359375
26.937500
25.750000
27.609375
12.109375
15.250000
17.343750
16.031250
29.359375
27.453125
34.718750
13.218750
13.953125
19.859375
23.687500
21.671875
36.953125
20.000000
43.500000
17.312500
13.578125
19.109375
15.328125
23.390625
17.578125
12.968750
24.703125
11.750000
22.828125
24.187500
18.953125
38.828125
28.203125
20.453125
18.156250
25.843750
15.093750
18.031250
20.593750
13.078125
19.921875
17.890625
23.250000
25.671875
26.281250
8.484375
19.906250
24.406250
24.812500
14.859375
19.593750
25.921875
34.343750
14.828125
13.000000
19.062500
15.546875
28.750000
20.515625
19.109375
22.875000
27.593750
33.625000
32.296875
23.953125
30.890625
16.656250
34.265625
21.750000
23.812500
15.171875
12.562500
16.640625
17.453125
21.921875
19.093750
28.656250
24.640625
21.828125
14.921875
20.437500
20.671875
16.406250
32.906250
18.218750
34.984375
19.765625
22.515625
18.734375
24.359375
40.140625
24.453125
29.687500
15.671875
15.953125
25.203125
13.765625
25.875000
26.359375
11.906250
20.203125
16.875000
21.625000
18.062500
12.203125
18.578125
30.093750
36.062500
29.390625
33.890625
18.828125
21.453125
20.687500
22.796875
31.625000
28.265625
28.968750
11.390625
23.140625
16.937500
36.437500
32.437500
26.703125
30.093750
16.500000
20.093750
29.187500
20.968750
22.109375
11.937500
17.625000
25.437500
36.250000
16.593750
35.531250
24.546875
18.562500
18.109375
33.921875
30.687500
28.640625
15.421875
15.218750
14.625000
22.875000
45.156250
27.000000
19.921875
24.531250
15.531250
18.515625
18.328125
33.781250
14.937500
15.906250
21.062500
24.890625
17.484375
15.109375
17.812500
18.937500
24.593750
29.671875
33.984375
22.203125
22.640625
17.875000
20.390625
16.156250
26.156250
12.281250
29.812500
14.578125
20.796875
21.812500
26.500000
15.843750
30.218750
29.484375
11.234375
24.093750
22.750000
18.218750
23.609375
28.187500
22.359375
11.203125
18.390625
25.750000
29.593750
24.406250
18.218750
33.937500
8.640625
13.703125
17.562500
16.375000
28.843750
11.281250
21.171875
17.468750
31.437500
17.406250
21.578125
18.328125
19.671875
22.984375
27.250000
16.562500
16.140625
30.859375
41.203125
14.968750
14.312500
27.546875
27.593750
17.187500
19.812500
24.640625
21.796875
17.218750
17.750000
18.140625
32.046875
16.421875
28.375000
18.890625
18.875000
18.531250
21.125000
21.125000
19.406250
23.218750
31.140625
18.265625
16.812500
43.234375
21.859375
19.453125
24.812500
17.640625
10.593750
20.750000
23.703125
21.359375
16.937500
22.375000
23.734375
30.671875
18.031250
28.343750
22.156250
19.265625
32.718750
22.937500
12.093750
13.671875
29.296875
34.765625
16.796875
15.125000
9.125000
28.265625
7.390625
21.375000
26.953125
21.906250
19.203125
28.984375
12.390625
15.484375
25.031250
20.359375
42.171875
23.109375
22.390625
29.328125
14.390625
22.484375
20.546875
23.515625
17.421875
40.296875
9.640625
28.671875
17.421875
15.703125
10.906250
19.812500
37.500000
15.562500
19.437500
19.890625
24.859375
19.078125
18.328125
24.265625
37.781250
26.609375
17.734375
16.234375
28.750000
24.343750
28.265625
33.531250
19.750000
29.468750
21.031250
34.375000
24.578125
9.265625
18.171875
26.203125
21.656250
30.421875
11.234375
17.937500
10.828125
29.343750
31.593750
22.109375
14.078125
26.750000
20.031250
26.656250
34.546875
35.546875
12.328125
12.437500
30.671875
30.953125
15.046875
25.875000
7.390625
25.578125
21.593750
17.734375
16.906250
25.640625
34.453125
44.984375
32.890625
31.703125
16.234375
30.656250
24.859375
12.828125
22.718750
18.000000
21.140625
19.625000
15.281250
21.687500
30.656250
31.437500
31.953125
17.593750
16.187500
15.265625
29.765625
30.765625
17.000000
20.937500
22.578125
23.609375
16.453125
33.218750
24.656250
12.093750
24.390625
22.828125
24.109375
23.921875
23.078125
20.531250
21.765625
21.187500
22.906250
15.843750
23.171875
40.656250
25.531250
26.359375
36.953125
15.140625
15.828125
14.812500
25.484375
25.812500
35.921875
22.484375
15.796875
19.609375
28.515625
25.937500
23.437500
18.859375
30.218750
23.000000
34.125000
23.625000
33.921875
28.734375
31.625000
26.984375
19.250000
14.187500
14.687500
43.921875
24.062500
22.203125
36.343750
10.390625
36.312500
24.953125
22.640625
26.375000
30.531250
16.312500
25.062500
20.984375
16.187500
26.343750
9.468750
36.953125
18.906250
24.796875
22.875000
29.640625
26.796875
29.703125
31.609375
22.546875
33.078125
27.546875
23.937500
31.968750
23.531250
8.578125
25.953125
22.171875
11.015625
34.234375
16.125000
23.859375
24.234375
21.921875
15.875000
17.875000
9.343750
8.562500
12.218750
19.546875
15.765625
16.953125
32.953125
14.953125
29.625000
43.859375
37.921875
17.062500
33.765625
18.437500
12.656250
20.671875
23.078125
23.656250
20.265625
30.406250
15.703125
32.875000
27.015625
27.828125
11.500000
16.750000
27.296875
20.312500
19.656250
33.375000
15.859375
18.593750
13.812500
37.656250
18.000000
21.046875
16.250000
19.234375
29.187500
25.562500
23.671875
22.078125
32.593750
38.250000
26.234375
29.421875
21.531250
17.875000
24.046875
14.171875
25.031250
20.531250
29.500000
16.296875
18.421875
31.671875
10.453125
18.828125
31.671875
27.734375
18.343750
23.125000
27.093750
37.078125
29.906250
21.062500
28.515625
11.578125
27.015625
26.265625
11.375000
24.671875
8.453125
19.375000
12.375000
15.375000
26.828125
15.281250
11.062500
8.515625
14.796875
35.703125
35.468750
18.968750
25.406250
22.703125
20.703125
33.109375
47.781250
18.843750
22.656250
42.531250
16.156250
33.187500
13.468750
28.109375
23.484375
21.562500
18.390625
24.828125
21.203125
32.140625
23.437500
25.562500
27.921875
32.843750
16.281250
17.718750
21.265625
8.484375
23.859375
25.140625
23.968750
34.843750
29.343750
27.578125
9.031250
24.265625
32.328125
17.640625
11.500000
23.937500
30.750000
17.000000
13.609375
6.750000
14.796875
30.562500
7.812500
34.281250
14.687500
20.890625
28.093750
35.671875
28.968750
28.015625
21.031250
12.578125
37.078125
23.093750
22.781250
24.093750
15.718750
25.109375
50.734375
20.953125
29.953125
25.062500
19.890625
26.296875
19.125000
12.781250
18.796875
20.500000
23.750000
29.468750
21.203125
20.718750
12.218750
18.156250
18.375000
10.015625
14.125000
12.375000
23.234375
32.640625
35.296875
15.796875
19.859375
19.187500
21.031250
15.906250
16.625000
13.734375
31.703125
24.562500
25.734375
20.234375
22.437500
28.281250
30.562500
21.078125
29.250000
13.671875
17.609375
16.828125
31.859375
31.468750
13.468750
11.359375
19.828125
28.734375
10.578125
20.562500
41.500000
12.750000
24.218750
24.031250
16.328125
29.906250
36.640625
35.406250
23.343750
25.296875
23.156250
21.921875
8.468750
17.062500
14.796875
16.000000
24.921875
19.765625
22.515625
27.187500
21.281250
14.968750
18.796875
26.921875
21.609375
26.406250
36.296875
9.828125
16.828125
21.500000
21.765625
20.359375
24.140625
44.750000
32.531250
19.312500
17.109375
12.046875
20.500000
10.343750
22.609375
23.312500
8.234375
28.828125
35.156250
45.437500
13.093750
20.718750
11.234375
32.531250
34.531250
14.703125
10.453125
29.875000
21.750000
27.250000
17.359375
12.453125
17.046875
28.140625
38.421875
15.843750
16.703125
18.109375
13.578125
14.906250
17.562500
16.062500
24.250000
13.234375
20.187500
19.125000
17.531250
23.218750
22.375000
26.031250
22.015625
16.640625
17.156250
37.093750
26.546875
15.750000
27.156250
13.015625
26.703125
36.890625
28.625000
24.546875
30.609375
31.671875
19.781250
29.859375
22.593750
23.359375
24.656250
18.890625
10.468750
32.734375
15.218750
15.390625
36.437500
30.781250
11.062500
23.437500
21.296875
15.031250
19.250000
25.296875
35.375000
28.078125
19.421875
22.921875
20.250000
20.921875
15.750000
22.203125
26.421875
23.375000
22.875000
21.359375
23.203125
11.250000
33.328125
28.796875
19.531250
33.625000
8.296875
10.171875
24.281250
11.656250
18.281250
26.312500
29.718750
32.640625
21.281250
11.500000
22.765625
12.234375
31.703125
18.875000
30.078125
23.312500
11.546875
27.734375
18.265625
29.546875
33.765625
13.859375
24.140625
17.984375
34.343750
11.593750
14.453125
22.515625
21.468750
23.734375
43.171875
45.015625
14.968750
13.218750
14.718750
24.484375
20.796875
21.218750
20.875000
44.906250
22.375000
34.906250
41.156250
21.093750
36.953125
13.093750
26.234375
19.515625
27.281250
26.390625
43.312500
22.718750
24.281250
11.593750
12.859375
10.265625
14.828125
25.125000
33.562500
17.468750
28.093750
39.000000
7.250000
10.546875
24.906250
32.625000
10.796875
14.968750
16.781250
20.750000
18.921875
33.140625
21.281250
12.609375
8.937500
14.078125
40.312500
9.984375
24.375000
15.640625
19.421875
17.671875
36.046875
21.609375
20.656250
22.750000
30.031250
18.609375
31.140625
21.296875
32.921875
26.187500
27.593750
27.406250
14.609375
24.421875
28.796875
32.796875
19.750000
11.687500
23.515625
52.500000
21.734375
29.859375
18.593750
20.250000
19.281250
19.015625
24.312500
24.531250
28.000000
29.250000
14.296875
13.609375
23.234375
18.734375
28.859375
22.203125
23.812500
42.796875
32.046875
20.375000
30.500000
25.703125
19.812500
32.890625
17.265625
22.546875
18.046875
27.921875
16.578125
30.468750
10.984375
24.687500
7.062500
13.750000
38.875000
26.437500
18.093750
24.187500
28.046875
17.531250
15.125000
28.671875
19.781250
17.625000
29.765625
20.375000
22.937500
13.046875
18.390625
35.515625
13.828125
13.687500
24.375000
24.500000
16.828125
14.093750
19.187500
26.234375
29.140625
25.953125
19.640625
20.125000
17.859375
27.656250
13.828125
17.515625
22.718750
18.562500
17.765625
22.859375
29.125000
21.234375
18.578125
28.578125
32.203125
18.937500
9.546875
24.718750
32.250000
19.046875
13.578125
24.640625
29.375000
28.671875
19.484375
13.843750
25.578125
15.093750
5.828125
17.859375
32.625000
21.812500
30.890625
28.796875
21.156250
21.343750
9.484375
16.218750
19.875000
12.109375
23.484375
17.828125
29.578125
20.359375
34.203125
32.296875
15.796875
31.906250
33.031250
23.515625
20.765625
40.500000
28.953125
28.578125
28.859375
16.562500
16.578125
26.687500
15.203125
30.562500
19.343750
12.781250
13.328125
25.031250
28.531250
20.109375
29.296875
14.781250
17.718750
26.546875
9.343750
20.843750
17.546875
24.703125
24.343750
25.640625
16.312500
38.218750
23.906250
20.234375
33.078125
18.218750
13.203125
32.859375
16.312500
24.468750
23.203125
26.109375
21.343750
26.000000
17.609375
14.578125
9.015625
29.265625
18.015625
28.718750
21.500000
20.734375
20.468750
21.453125
18.718750
11.734375
15.562500
17.750000
26.484375
26.796875
34.890625
19.250000
27.671875
22.125000
29.156250
23.687500
23.359375
21.984375
20.859375
7.859375
18.218750
27.765625
25.421875
15.546875
18.281250
28.312500
14.640625
19.281250
28.421875
32.421875
19.296875
16.796875
16.359375
36.781250
20.890625
22.406250
18.578125
27.859375
15.062500
19.265625
31.281250
15.296875
36.328125
19.093750
25.328125
23.171875
41.453125
34.000000
13.000000
16.203125
17.750000
24.656250
21.203125
11.984375
25.843750
16.375000
26.640625
21.234375
20.140625
28.078125
15.671875
20.531250
38.187500
21.375000
25.390625
18.593750
21.812500
18.187500
28.015625
20.453125
21.140625
23.687500
21.656250
10.937500
22.781250
22.609375
29.796875
21.234375
14.218750
26.859375
28.250000
8.625000
17.484375
17.343750
16.109375
29.812500
27.890625
21.109375
23.750000
21.203125
25.484375
30.843750
22.281250
20.359375
18.515625
13.906250
14.921875
26.765625
26.640625
24.515625
20.937500
37.296875
37.500000
35.640625
26.968750
45.984375
23.421875
23.968750
22.953125
23.312500
24.000000
20.406250
31.203125
27.203125
22.984375
17.296875
18.062500
16.687500
22.406250
20.109375
29.562500
26.968750
21.843750
16.109375
22.546875
26.046875
29.812500
31.406250
23.390625
16.953125
12.687500
26.281250
26.437500
19.718750
21.593750
8.343750
9.875000
9.937500
29.531250
14.125000
13.687500
34.562500
31.500000
36.531250
21.359375
47.328125
20.953125
15.812500
22.187500
27.562500
23.859375
20.687500
20.734375
22.656250
24.125000
16.203125
24.921875
22.750000
23.437500
24.921875
14.671875
15.203125
25.171875
35.031250
12.171875
34.531250
20.421875
10.937500
27.328125
14.093750
18.421875
23.031250
16.343750
22.500000
33.187500
19.062500
21.156250
38.218750
28.312500
28.531250
15.906250
22.140625
26.640625
12.328125
33.984375
19.906250
20.187500
38.234375
20.828125
18.156250
29.781250
17.234375
23.250000
25.734375
16.375000
20.484375
31.046875
35.265625
27.359375
17.828125
12.562500
20.156250
11.984375
13.734375
35.359375
35.390625
16.562500
20.015625
18.843750
36.437500
16.265625
33.531250
20.093750
18.296875
35.062500
9.828125
18.468750
24.968750
17.953125
23.828125
22.406250
24.203125
17.421875
21.468750
24.203125
7.390625
25.859375
21.921875
21.921875
23.875000
26.687500
21.500000
12.093750
31.625000
18.453125
17.250000
20.140625
21.609375
16.546875
51.250000
21.812500
11.484375
22.921875
30.875000
27.234375
18.625000
37.156250
21.171875
19.250000
24.328125
20.234375
24.125000
21.968750
16.281250
15.296875
28.312500
23.125000
31.625000
29.843750
34.671875
9.703125
29.062500
24.437500
14.125000
25.000000
21.562500
25.812500
24.359375
18.531250
18.359375
35.031250
46.187500
21.515625
19.171875
12.171875
17.187500
35.500000
26.000000
24.312500
15.078125
22.921875
21.531250
20.609375
24.546875
24.000000
18.453125
28.687500
15.203125
21.593750
11.593750
15.718750
14.890625
18.984375
19.328125
23.265625
11.750000
18.125000
17.953125
16.796875
24.734375
26.187500
13.312500
25.031250
21.671875
14.546875
25.875000
41.750000
19.781250
27.250000
17.843750
18.000000
23.375000
25.828125
27.125000
11.859375
21.843750
19.015625
26.343750
15.343750
31.953125
12.625000
27.093750
23.406250
10.968750
30.593750
20.671875
24.812500
41.687500
33.500000
31.171875
24.000000
33.843750
24.796875
19.453125
22.937500
25.750000
17.468750
18.437500
21.906250
32.390625
26.656250
11.843750
19.687500
23.687500
38.000000
26.187500
28.140625
22.656250
26.515625
19.296875
34.359375
12.656250
32.484375
27.984375
26.796875
27.937500
20.781250
24.515625
28.562500
29.375000
20.093750
10.687500
24.062500
28.750000
20.078125
24.156250
17.921875
16.000000
25.203125
10.218750
32.171875
28.078125
20.031250
19.046875
33.656250
24.515625
15.468750
18.484375
21.812500
16.468750
20.046875
19.859375
23.203125
23.406250
11.921875
31.671875
28.890625
15.968750
24.312500
27.859375
34.890625
12.140625
28.234375
19.296875
12.546875
25.187500
18.140625
19.718750
22.890625
16.203125
16.000000
21.031250
27.062500
23.515625
24.671875
28.140625
10.281250
25.203125
30.421875
26.093750
34.953125
32.515625
22.031250
14.125000
16.671875
9.687500
17.796875
24.437500
28.312500
33.015625
18.437500
19.828125
15.375000
35.437500
16.828125
20.250000
19.828125
17.406250
43.281250
25.390625
17.437500
33.843750
10.437500
17.218750
23.078125
23.609375
35.906250
20.875000
27.984375
23.765625
22.656250
26.593750
20.843750
16.390625
22.390625
18.093750
11.781250
23.953125
18.921875
19.750000
26.828125
18.062500
16.031250
30.500000
16.296875
16.578125
29.593750
39.281250
10.828125
32.687500
13.562500
23.171875
35.500000
34.750000
34.140625
17.578125
16.515625
15.203125
27.781250
31.531250
16.625000
31.562500
33.390625
19.968750
12.546875
21.234375
20.562500
37.781250
21.000000
31.734375
28.234375
11.375000
31.984375
38.187500
16.125000
17.250000
18.046875
26.484375
27.796875
17.484375
16.937500
13.671875
23.203125
28.234375
19.125000
26.687500
35.937500
21.687500
9.859375
20.296875
28.578125
29.312500
30.781250
14.968750
27.406250
20.500000
17.062500
11.703125
14.437500
17.031250
15.140625
16.781250
14.437500
33.000000
35.140625
19.046875
34.843750
33.265625
30.156250
17.984375
21.562500
18.468750
21.156250
24.984375
27.703125
27.312500
25.218750
16.140625
26.843750
13.218750
20.187500
20.843750
29.093750
24.281250
14.046875
29.609375
18.109375
25.562500
20.906250
25.875000
18.953125
22.812500
24.078125
29.796875
29.312500
30.015625
27.515625
12.671875
27.906250
17.718750
24.703125
30.562500
15.578125
29.046875
22.312500
21.234375
16.062500
18.140625
19.718750
15.671875
17.828125
26.421875
20.953125
15.671875
16.421875
12.031250
19.203125
22.781250
16.500000
40.718750
16.765625
23.468750
22.234375
22.156250
16.718750
14.812500
27.921875
17.921875
17.046875
17.296875
31.109375
20.000000
10.343750
29.796875
21.671875
24.812500
18.203125
33.281250
21.968750
15.156250
11.781250
16.250000
20.562500
18.546875
16.109375
20.453125
14.062500
11.062500
29.562500
17.234375
12.171875
18.765625
13.828125
14.984375
27.625000
14.578125
16.671875
32.500000
33.406250
17.187500
27.468750
18.031250
19.625000
23.265625
17.843750
14.281250
18.453125
21.000000
30.250000
15.250000
19.500000
17.937500
16.578125
16.093750
21.671875
33.734375
31.812500
35.593750
34.093750
17.515625
20.640625
31.562500
17.828125
18.375000
14.640625
10.593750
31.171875
24.750000
25.546875
23.828125
13.859375
25.562500
12.453125
10.625000
12.828125
14.718750
27.828125
22.328125
22.750000
13.218750
25.171875
47.734375
24.171875
14.531250
19.093750
20.375000
34.281250
25.796875
23.328125
22.093750
36.390625
16.828125
16.812500
40.703125
22.468750
17.468750
24.687500
17.390625
20.953125
14.859375
29.234375
21.375000
28.843750
21.125000
22.703125
24.093750
32.062500
23.218750
31.046875
17.593750
15.312500
27.609375
17.937500
25.140625
21.359375
30.453125
25.562500
25.656250
34.375000
19.593750
31.125000
13.828125
19.468750
18.093750
14.937500
30.656250
35.671875
20.640625
24.765625
40.281250
24.828125
27.343750
22.187500
24.765625
12.640625
18.515625
20.046875
14.281250
8.734375
18.468750
31.890625
21.265625
9.953125
27.156250
24.078125
40.156250
17.656250
19.187500
19.953125
27.093750
37.531250
14.781250
16.703125
27.187500
20.484375
26.843750
31.640625
24.125000
21.125000
21.390625
30.531250
22.109375
12.546875
34.015625
38.906250
22.796875
22.421875
25.609375
21.281250
19.750000
24.781250
9.265625
28.984375
16.750000
29.046875
25.000000
22.640625
31.687500
14.265625
11.890625
27.640625
18.093750
20.250000
37.921875
21.140625
37.609375
30.093750
27.796875
18.656250
41.593750
20.890625
19.703125
18.750000
27.015625
29.937500
24.593750
16.546875
29.468750
19.640625
21.000000
29.375000
19.671875
15.734375
22.484375
14.609375
23.359375
25.734375
38.312500
13.859375
37.500000
26.546875
21.125000
8.515625
14.031250
33.812500
18.125000
20.062500
29.250000
30.000000
11.375000
22.640625
42.046875
25.968750
20.281250
20.375000
25.562500
57.718750
44.078125
27.484375
18.546875
17.578125
28.750000
27.625000
27.250000
26.593750
16.515625
23.140625
19.296875
20.750000
36.234375
15.843750
17.265625
9.281250
22.046875
18.593750
29.984375
27.156250
11.937500
10.218750
35.296875
11.625000
24.890625
12.968750
16.921875
45.421875
18.140625
22.140625
26.828125
23.328125
18.171875
14.953125
19.546875
26.828125
31.312500
28.515625
9.625000
16.109375
27.593750
17.578125
26.765625
24.312500
26.671875
14.265625
21.859375
24.640625
34.718750
19.359375
28.906250
17.156250
30.640625
12.296875
23.875000
22.671875
22.921875
20.281250
10.421875
19.921875
23.656250
12.765625
14.078125
21.187500
38.078125
16.843750
30.562500
24.359375
22.250000
17.187500
21.140625
19.578125
24.562500
25.500000
25.890625
35.437500
35.375000
39.453125
15.796875
39.250000
24.218750
32.187500
18.828125
33.828125
20.078125
28.781250
27.359375
28.031250
24.203125
25.312500
27.031250
25.140625
21.859375
18.828125
19.906250
20.000000
32.328125
16.312500
20.437500
16.125000
16.140625
22.859375
20.218750
19.453125
23.453125
19.781250
40.703125
11.203125
13.093750
20.781250
19.203125
31.312500
20.375000
13.593750
18.328125
21.859375
17.046875
36.265625
14.968750
22.109375
23.046875
22.906250
32.609375
12.953125
19.859375
20.265625
8.906250
4.375000
23.953125
15.234375
14.109375
19.906250
11.937500
14.656250
13.265625
28.765625
13.937500
22.234375
19.843750
12.906250
19.718750
35.968750
22.750000
19.265625
40.718750
19.171875
28.734375
15.562500
28.078125
15.140625
20.375000
37.531250
15.921875
21.531250
25.250000
28.421875
8.812500
12.812500
16.171875
9.453125
19.015625
30.703125
14.281250
9.562500
14.406250
31.265625
26.062500
30.468750
32.125000
18.718750
27.156250
15.109375
27.187500
15.140625
17.781250
27.234375
19.906250
23.437500
29.093750
31.562500
19.921875
17.640625
28.375000
18.015625
13.625000
13.421875
19.890625
17.406250
22.187500
18.796875
26.828125
9.828125
11.156250
24.046875
14.500000
23.562500
26.781250
13.968750
17.765625
28.515625
16.437500
34.531250
18.812500
19.875000
9.421875
12.562500
21.906250
20.328125
30.375000
41.015625
14.843750
24.500000
32.875000
30.875000
14.093750
17.312500
34.453125
30.937500
19.875000
24.515625
16.890625
14.796875
26.406250
19.796875
15.093750
9.656250
22.187500
17.031250
28.343750
19.140625
22.171875
26.500000
20.015625
28.078125
23.703125
21.250000
18.765625
21.828125
25.937500
44.140625
27.593750
18.046875
24.812500
23.000000
27.109375
19.765625
15.640625
18.484375
24.593750
32.203125
26.796875
17.453125
9.125000
23.468750
31.281250
20.500000
31.140625
15.484375
15.453125
21.000000
22.078125
37.890625
27.984375
14.921875
23.250000
22.515625
35.156250
20.031250
27.531250
15.218750
30.453125
28.890625
15.562500
10.031250
31.375000
32.828125
27.250000
20.640625
26.296875
24.812500
29.046875
36.359375
19.125000
11.156250
24.484375
14.765625
40.937500
17.125000
24.500000
27.578125
15.875000
39.406250
19.343750
26.078125
13.687500
28.468750
10.250000
19.718750
26.765625
26.265625
30.984375
23.828125
29.078125
28.218750
26.625000
31.562500
31.656250
30.203125
20.562500
20.718750
20.375000
40.328125
32.171875
12.375000
22.625000
29.281250
30.109375
19.437500
24.156250
22.093750
19.218750
44.343750
23.984375
25.812500
17.343750
17.421875
22.718750
16.781250
17.968750
29.328125
28.453125
30.968750
37.953125
22.390625
18.656250
27.796875
14.281250
19.375000
23.765625
10.765625
9.171875
20.921875
28.359375
14.187500
33.328125
25.625000
28.218750
20.468750
14.046875
7.921875
16.562500
15.343750
26.218750
18.640625
23.640625
12.859375
22.328125
7.281250
23.687500
27.937500
24.406250
18.515625
26.687500
39.828125
20.703125
41.781250
24.000000
15.453125
16.203125
47.234375
14.578125
17.765625
20.609375
16.093750
15.750000
43.406250
22.375000
28.781250
16.359375
38.187500
20.968750
26.781250
32.265625
11.734375
18.078125
45.593750
30.234375
19.328125
32.656250
20.312500
36.500000
10.531250
20.578125
16.703125
28.609375
36.421875
12.093750
26.890625
13.937500
26.015625
16.453125
15.953125
29.828125
20.203125
17.250000
20.343750
21.890625
30.421875
27.281250
12.531250
17.046875
28.296875
18.250000
19.765625
29.171875
15.765625
25.687500
19.078125
26.078125
23.984375
31.453125
10.656250
11.062500
20.093750
23.859375
22.953125
11.828125
27.937500
25.218750
27.531250
37.093750
14.953125
14.000000
15.187500
32.468750
27.250000
27.812500
29.734375
24.625000
25.515625
28.015625
39.812500
29.890625
30.234375
13.156250
18.203125
25.437500
13.312500
23.312500
24.296875
11.265625
27.578125
8.468750
23.953125
36.890625
30.640625
16.312500
18.796875
18.437500
33.937500
20.703125
23.296875
15.093750
28.781250
26.984375
17.296875
13.296875
24.031250
24.546875
18.343750
24.500000
28.671875
14.515625
36.343750
16.656250
16.468750
34.468750
29.921875
15.640625
22.625000
20.984375
20.328125
17.187500
25.078125
18.421875
17.625000
18.359375
25.250000
18.750000
22.656250
14.984375
22.109375
19.578125
37.968750
11.328125
28.281250
10.218750
32.312500
21.765625
16.359375
10.687500
20.328125
24.453125
29.750000
9.125000
25.453125
25.609375
11.640625
21.296875
24.093750
21.140625
16.515625
22.171875
12.296875
33.500000
14.812500
21.406250
19.156250
36.953125
13.375000
18.484375
19.390625
15.015625
16.968750
33.562500
12.062500
21.390625
33.671875
17.734375
31.375000
24.437500
22.328125
23.718750
14.843750
15.515625
17.140625
25.000000
15.093750
26.453125
18.250000
33.078125
19.296875
28.468750
23.250000
21.890625
32.765625
40.406250
21.281250
21.578125
19.671875
26.343750
9.562500
19.953125
25.328125
18.375000
20.578125
13.546875
27.140625
27.171875
14.484375
15.984375
27.062500
20.703125
33.750000
37.968750
15.437500
19.250000
25.250000
20.328125
28.968750
25.093750
17.343750
14.984375
24.750000
30.546875
22.171875
20.234375
26.421875
32.546875
26.890625
36.781250
19.531250
21.640625
29.546875
19.421875
24.031250
14.687500
22.484375
15.015625
20.437500
11.203125
11.156250
18.312500
30.703125
34.203125
40.687500
28.453125
30.500000
18.687500
22.328125
17.703125
13.484375
29.406250
24.406250
27.078125
29.703125
25.515625
24.781250
32.562500
19.437500
25.968750
20.281250
16.000000
19.093750
18.906250
24.187500
17.453125
23.750000
23.625000
26.984375
32.625000
14.671875
21.734375
19.375000
22.281250
24.968750
18.875000
20.468750
25.437500
30.609375
19.921875
31.562500
24.906250
20.015625
28.484375
27.500000
28.593750
11.765625
11.609375
21.359375
12.531250
18.640625
23.343750
14.031250
13.187500
22.984375
24.343750
23.312500
22.203125
21.421875
25.156250
25.546875
16.875000
19.281250
33.140625
15.312500
15.609375
25.093750
26.640625
23.625000
17.781250
22.359375
19.703125
18.734375
41.296875
15.218750
30.718750
30.343750
7.937500
13.359375
17.468750
43.125000
31.390625
14.796875
29.000000
35.156250
45.843750
13.203125
35.140625
23.562500
22.468750
28.312500
15.125000
20.734375
28.562500
22.062500
12.578125
27.125000
30.203125
15.343750
21.421875
34.765625
16.609375
19.750000
12.171875
27.015625
16.421875
37.546875
15.093750
18.281250
22.312500
13.281250
25.453125
37.468750
37.781250
21.140625
24.140625
17.328125
23.812500
8.515625
22.562500
16.015625
24.546875
28.187500
17.343750
9.750000
16.140625
18.906250
23.875000
21.671875
15.140625
28.250000
27.703125
32.437500
30.718750
10.218750
11.468750
37.187500
20.812500
15.781250
7.828125
37.375000
28.812500
19.296875
17.796875
18.375000
28.500000
16.078125
21.328125
20.875000
27.781250
16.812500
24.546875
28.890625
26.812500
14.031250
39.015625
24.234375
35.343750
40.078125
26.734375
20.109375
12.578125
36.953125
19.578125
7.359375
21.156250
29.765625
28.250000
19.750000
23.484375
12.515625
12.296875
24.156250
37.234375
34.875000
28.750000
22.625000
27.250000
13.062500
19.031250
16.562500
23.453125
25.984375
23.953125
24.218750
13.437500
22.671875
28.093750
20.609375
28.031250
35.421875
19.703125
30.312500
39.828125
18.406250
31.656250
36.171875
14.218750
15.312500
22.265625
26.671875
14.656250
18.203125
46.562500
27.671875
27.109375
19.484375
23.937500
28.546875
38.078125
17.078125
19.906250
42.109375
15.218750
29.093750
19.468750
30.375000
25.625000
19.140625
21.234375
15.796875
31.843750
28.734375
20.562500
13.093750
22.250000
22.015625
20.390625
18.187500
23.406250
40.546875
40.937500
27.140625
35.703125
20.312500
16.859375
14.156250
26.468750
28.453125
21.437500
29.937500
13.578125
22.484375
13.093750
20.703125
36.406250
21.453125
36.250000
27.281250
20.187500
8.468750
20.796875
20.171875
22.406250
20.781250
25.593750
37.328125
7.296875
16.281250
17.421875
24.218750
29.375000
28.937500
16.171875
14.703125
23.906250
27.500000
22.859375
26.281250
19.093750
27.796875
15.109375
23.968750
25.062500
14.203125
34.218750
16.093750
12.515625
29.312500
12.109375
33.625000
21.750000
20.218750
20.656250
33.812500
16.687500
13.671875
31.156250
19.453125
14.281250
16.359375
23.718750
23.796875
16.843750
14.921875
23.203125
23.359375
24.171875
17.937500
6.593750
19.343750
36.843750
26.031250
21.515625
33.687500
13.328125
30.531250
26.390625
22.890625
21.359375
25.000000
18.593750
21.250000
9.796875
21.015625
28.062500
31.859375
37.875000
24.781250
18.953125
33.015625
39.234375
34.734375
38.984375
25.828125
19.234375
19.328125
18.218750
21.968750
35.515625
18.656250
16.062500
22.484375
26.203125
28.937500
18.625000
30.281250
30.546875
26.125000
21.468750
30.843750
15.937500
23.296875
16.140625
20.437500
12.718750
20.203125
20.859375
41.265625
22.437500
30.203125
39.515625
11.000000
19.687500
26.859375
38.328125
8.765625
25.093750
20.937500
27.843750
35.921875
31.656250
19.687500
15.156250
27.218750
28.703125
10.375000
28.875000
22.609375
30.328125
21.437500
22.828125
24.203125
29.906250
26.421875
21.140625
32.812500
23.375000
19.000000
22.640625
25.750000
27.140625
12.828125
22.921875
23.015625
23.640625
19.281250
28.671875
14.265625
26.140625
13.640625
26.984375
33.156250
29.156250
44.125000
26.812500
16.328125
24.265625
26.875000
29.781250
19.875000
38.890625
20.859375
31.203125
16.781250
26.359375
35.828125
11.390625
26.406250
24.796875
22.671875
12.937500
15.921875
34.812500
40.656250
19.015625
18.437500
27.234375
23.187500
19.031250
36.031250
24.765625
18.031250
26.281250
13.421875
15.765625
15.296875
9.984375
15.093750
35.078125
21.750000
20.640625
40.265625
11.218750
15.203125
15.640625
21.468750
28.515625
15.093750
19.250000
9.312500
32.828125
22.593750
22.656250
28.921875
21.390625
14.781250
15.937500
34.937500
30.421875
17.375000
11.875000
22.250000
13.843750
21.546875
15.515625
23.859375
24.250000
41.140625
24.984375
21.609375
23.906250
24.156250
24.000000
30.796875
26.843750
24.250000
17.671875
19.171875
23.328125
24.640625
16.625000
32.359375
21.140625
27.421875
25.843750
17.390625
21.765625
15.796875
15.546875
25.203125
17.250000
20.125000
26.000000
13.437500
35.328125
17.953125
31.812500
25.875000
14.156250
28.968750
15.015625
23.218750
18.218750
27.921875
26.140625
15.328125
33.562500
11.343750
26.375000
21.593750
26.984375
25.031250
32.078125
28.687500
18.718750
22.906250
27.484375
22.765625
22.828125
20.375000
11.656250
21.234375
16.156250
22.015625
14.812500
14.093750
21.656250
19.203125
11.250000
33.406250
14.828125
16.000000
19.015625
21.656250
38.562500
13.156250
21.671875
28.062500
15.406250
24.046875
17.046875
21.796875
9.312500
19.734375
25.515625
13.531250
25.890625
24.203125
45.156250
20.359375
28.390625
11.312500
34.250000
29.500000
27.171875
26.359375
18.984375
28.296875
15.000000
20.234375
26.109375
9.812500
33.812500
21.281250
12.562500
10.484375
16.375000
23.281250
25.234375
18.281250
16.234375
16.171875
18.593750
29.734375
23.843750
22.234375
22.953125
14.937500
19.250000
20.250000
16.906250
27.281250
19.281250
43.421875
24.171875
22.562500
13.000000
25.171875
10.781250
20.984375
23.578125
40.593750
24.625000
38.265625
20.343750
22.765625
13.937500
24.546875
20.281250
23.671875
26.265625
12.937500
32.125000
30.359375
28.578125
29.500000
12.140625
32.296875
22.453125
24.359375
17.937500
27.515625
21.406250
42.359375
42.531250
26.921875
12.953125
35.281250
25.156250
17.406250
14.015625
30.687500
15.046875
33.921875
28.031250
19.640625
14.609375
15.406250
16.578125
39.968750
38.000000
25.109375
17.218750
34.203125
11.078125
8.765625
20.515625
32.500000
19.875000
31.906250
18.593750
35.890625
43.390625
20.500000
22.250000
25.796875
36.390625
26.953125
27.859375
19.546875
5.531250
27.890625
16.765625
18.375000
33.031250
14.625000
36.468750
14.093750
22.843750
44.187500
41.046875
23.703125
27.406250
32.031250
10.687500
32.687500
31.015625
18.515625
20.828125
28.843750
17.000000
21.500000
25.750000
21.031250
17.000000
27.375000
14.265625
22.812500
20.281250
15.343750
31.218750
20.812500
24.000000
27.265625
17.500000
18.843750
20.250000
22.328125
12.890625
25.968750
20.750000
10.953125
26.671875
20.890625
32.562500
19.453125
22.031250
25.546875
23.812500
21.203125
13.859375
10.078125
32.500000
29.109375
17.687500
25.062500
11.546875
47.718750
20.375000
12.718750
32.812500
25.140625
15.109375
22.296875
16.453125
31.234375
22.500000
18.546875
32.000000
24.781250
20.984375
22.625000
12.250000
33.015625
23.375000
29.125000
35.390625
18.875000
14.953125
36.140625
19.281250
35.796875
14.046875
26.234375
25.453125
25.968750
38.281250
17.718750
38.109375
28.484375
15.703125
28.078125
24.734375
11.406250
18.265625
28.859375
21.250000
22.125000
18.093750
30.765625
19.531250
23.000000
8.937500
12.078125
25.046875
34.718750
27.328125
10.343750
15.046875
25.953125
23.734375
30.343750
16.078125
16.406250
26.375000
18.890625
17.390625
23.687500
21.453125
36.343750
25.750000
14.625000
20.171875
25.031250
18.453125
54.109375
11.234375
32.093750
19.468750
10.328125
32.343750
29.625000
17.812500
33.468750
27.562500
13.250000
33.312500
29.265625
20.359375
16.468750
24.640625
31.250000
24.750000
24.015625
9.703125
14.984375
26.796875
13.437500
17.875000
33.640625
16.437500
26.656250
26.765625
17.968750
24.359375
37.859375
22.171875
18.781250
22.359375
29.656250
15.625000
25.625000
27.515625
28.203125
17.468750
15.359375
21.937500
15.390625
12.921875
26.640625
32.265625
22.812500
32.515625
32.656250
14.781250
30.468750
9.484375
17.171875
30.953125
30.921875
13.125000
20.609375
23.968750
12.640625
12.765625
36.296875
15.140625
18.140625
29.859375
23.250000
25.390625
25.828125
13.609375
20.453125
21.906250
20.812500
28.406250
13.656250
18.359375
26.062500
43.281250
22.375000
8.781250
27.781250
14.890625
32.734375
21.359375
23.843750
11.390625
26.734375
22.609375
23.406250
26.437500
34.843750
23.687500
17.000000
27.437500
35.375000
9.750000
27.515625
21.203125
29.796875
14.500000
27.796875
21.609375
28.109375
29.437500
7.593750
10.546875
27.453125
17.312500
22.656250
20.796875
17.437500
24.546875
34.078125
20.890625
38.328125
13.906250
14.843750
26.937500
20.125000
14.906250
34.562500
18.078125
19.359375
16.734375
18.562500
22.171875
34.000000
12.812500
10.859375
15.203125
26.953125
21.937500
23.343750
13.515625
15.250000
27.734375
20.296875
14.328125
18.546875
26.796875
20.234375
26.500000
26.312500
21.375000
22.750000
28.671875
16.140625
44.781250
25.843750
19.281250
28.718750
24.312500
19.281250
23.109375
20.218750
29.093750
34.937500
22.187500
17.437500
19.140625
13.796875
23.781250
29.609375
16.265625
33.687500
9.093750
35.296875
30.406250
13.937500
14.578125
10.046875
33.390625
26.515625
24.562500
7.796875
21.531250
11.843750
28.656250
11.671875
14.390625
28.625000
23.359375
22.531250
47.687500
19.640625
16.828125
15.203125
15.890625
27.625000
22.484375
19.875000
9.468750
25.515625
18.656250
37.671875
22.296875
22.265625
13.343750
17.843750
21.765625
24.390625
8.796875
22.468750
18.937500
21.218750
23.046875
39.312500
23.953125
20.250000
22.203125
35.437500
25.578125
27.562500
25.796875
37.812500
21.828125
12.906250
15.531250
31.515625
12.718750
25.703125
16.765625
7.218750
22.406250
22.656250
17.906250
18.546875
28.859375
17.765625
23.234375
19.875000
23.500000
31.984375
7.500000
32.515625
18.812500
22.859375
22.531250
12.000000
35.000000
25.859375
23.265625
15.296875
13.984375
35.984375
32.296875
10.000000
16.890625
16.406250
27.312500
15.859375
21.359375
20.531250
22.765625
30.781250
26.671875
18.343750
31.609375
10.140625
29.750000
27.234375
21.250000
35.421875
18.187500
17.625000
11.296875
11.296875
19.375000
19.687500
39.812500
24.703125
21.890625
14.578125
36.656250
18.109375
36.906250
19.828125
24.984375
12.687500
17.515625
20.765625
23.468750
15.031250
30.328125
27.765625
30.734375
31.015625
20.968750
30.687500
17.390625
13.406250
12.843750
11.812500
23.031250
20.375000
9.484375
21.500000
27.671875
24.156250
24.609375
22.421875
16.609375
20.250000
24.828125
22.140625
31.562500
33.375000
15.562500
33.218750
27.171875
25.656250
15.468750
38.046875
22.953125
16.406250
17.734375
19.562500
46.593750
34.156250
24.125000
25.515625
28.140625
29.968750
16.625000
21.875000
18.062500
22.203125
14.093750
20.968750
32.515625
19.453125
7.921875
24.125000
18.875000
25.906250
25.812500
18.500000
13.828125
13.265625
31.890625
20.953125
29.328125
14.531250
14.765625
21.171875
34.625000
21.953125
20.937500
29.625000
41.140625
31.359375
19.531250
21.125000
20.453125
17.140625
16.984375
28.437500
17.671875
27.125000
24.937500
17.125000
24.562500
21.953125
24.250000
32.406250
19.953125
38.953125
8.968750
18.109375
8.375000
11.406250
38.625000
17.734375
19.578125
19.859375
26.843750
17.625000
19.656250
12.578125
17.156250
34.921875
23.765625
22.890625
18.968750
24.171875
28.390625
14.765625
27.796875
25.812500
19.937500
11.953125
17.921875
14.984375
26.484375
15.171875
24.062500
18.578125
20.234375
14.859375
19.921875
17.625000
23.421875
16.265625
21.359375
28.687500
33.062500
20.828125
31.125000
11.375000
25.468750
28.062500
31.140625
15.625000
31.484375
17.000000
35.750000
21.828125
28.421875
12.484375
23.078125
26.953125
22.296875
32.843750
39.906250
17.859375
27.062500
14.812500
20.250000
20.000000
29.781250
23.609375
29.812500
18.656250
10.812500
33.187500
24.265625
21.156250
13.140625
33.453125
27.125000
18.750000
22.250000
11.140625
27.984375
17.796875
16.171875
24.250000
18.453125
61.921875
38.078125
18.984375
24.437500
14.187500
21.953125
14.421875
14.453125
24.234375
34.390625
33.265625
22.531250
28.625000
19.359375
19.328125
28.000000
28.765625
15.875000
23.296875
36.281250
11.812500
24.500000
19.562500
25.359375
19.625000
21.937500
19.531250
23.921875
14.812500
40.968750
29.515625
15.250000
26.421875
21.515625
24.812500
22.171875
30.875000
33.046875
15.328125
31.734375
41.906250
10.531250
18.750000
29.437500
32.968750
37.625000
24.406250
20.937500
18.125000
25.031250
23.187500
26.765625
16.156250
32.156250
25.156250
25.343750
15.500000
27.031250
20.109375
24.171875
15.015625
9.187500
33.625000
17.125000
35.531250
16.406250
27.484375
12.125000
13.765625
20.250000
18.687500
29.328125
24.937500
19.453125
39.109375
28.703125
24.578125
24.343750
15.046875
14.796875
25.031250
22.968750
18.375000
12.718750
15.984375
23.906250
28.390625
21.765625
20.437500
14.062500
24.343750
15.265625
29.125000
24.015625
25.484375
24.750000
29.171875
23.421875
15.968750
24.062500
30.187500
35.109375
51.171875
14.000000
20.718750
19.515625
28.515625
17.859375
13.625000
15.375000
21.437500
15.734375
22.234375
27.656250
17.109375
40.453125
15.781250
16.140625
27.828125
21.406250
39.562500
24.343750
15.218750
37.531250
14.468750
15.468750
17.375000
19.125000
29.718750
33.406250
39.000000
15.718750
19.968750
25.671875
35.765625
21.187500
29.187500
18.562500
17.484375
29.734375
12.234375
37.656250
24.375000
18.046875
16.609375
12.578125
18.765625
36.796875
25.890625
32.859375
22.718750
20.500000
11.312500
21.359375
24.218750
28.390625
23.500000
10.718750
28.578125
16.000000
17.734375
34.687500
16.078125
30.640625
17.578125
8.343750
22.343750
10.906250
23.578125
31.031250
29.062500
31.109375
21.359375
23.656250
21.718750
29.250000
17.843750
21.250000
17.968750
19.718750
18.093750
33.437500
20.390625
37.796875
22.000000
20.734375
23.328125
9.296875
47.703125
27.218750
17.796875
21.281250
24.578125
33.500000
20.828125
22.968750
20.593750
22.703125
24.781250
15.062500
22.500000
14.765625
19.156250
15.718750
22.546875
19.343750
23.015625
22.359375
15.828125
21.640625
21.609375
12.156250
18.359375
22.546875
23.578125
23.500000
14.953125
36.343750
17.671875
16.500000
10.343750
18.046875
17.093750
19.812500
28.343750
23.000000
17.078125
24.156250
31.421875
18.109375
29.343750
20.468750
29.546875
25.875000
15.390625
25.500000
14.921875
28.468750
20.062500
29.875000
35.656250
7.156250
13.703125
8.765625
33.203125
25.000000
33.203125
30.656250
22.031250
25.953125
23.265625
15.859375
30.125000
21.953125
10.703125
17.625000
39.656250
16.328125
18.156250
18.953125
6.734375
19.687500
34.125000
29.375000
19.781250
16.078125
19.531250
22.515625
24.468750
17.718750
21.859375
25.453125
12.281250
16.687500
18.765625
15.234375
27.312500
28.500000
19.234375
29.671875
20.296875
17.390625
18.781250
24.000000
38.453125
44.218750
33.406250
29.921875
28.953125
21.125000
15.875000
15.046875
16.484375
33.265625
28.218750
19.406250
13.718750
19.546875
24.562500
25.953125
21.171875
16.859375
21.265625
37.343750
31.218750
25.906250
18.656250
9.375000
24.625000
16.703125
9.609375
20.750000
40.203125
29.281250
19.687500
26.375000
25.828125
21.859375
23.578125
18.265625
22.718750
30.843750
19.906250
35.031250
19.234375
17.421875
23.468750
24.093750
27.484375
17.203125
16.015625
26.218750
20.734375
29.234375
26.531250
23.234375
44.765625
15.625000
18.437500
27.406250
17.937500
26.218750
32.656250
21.343750
15.968750
19.171875
18.812500
21.656250
19.546875
12.781250
24.703125
31.140625
32.609375
25.546875
15.859375
28.203125
16.671875
37.140625
24.328125
23.781250
18.781250
18.562500
22.781250
18.328125
10.187500
20.796875
16.906250
17.828125
21.828125
33.234375
19.734375
23.437500
26.953125
11.000000
27.718750
22.171875
25.015625
24.812500
19.921875
29.234375
10.937500
18.343750
23.125000
26.859375
39.625000
17.375000
39.843750
14.625000
20.234375
27.250000
29.781250
30.296875
10.828125
21.203125
17.671875
26.609375
17.828125
19.218750
31.671875
33.156250
23.703125
27.343750
19.078125
22.937500
35.468750
22.671875
22.031250
22.359375
18.828125
22.234375
34.546875
20.390625
18.250000
23.265625
19.000000
26.453125
18.671875
16.765625
10.765625
23.156250
26.156250
18.890625
30.359375
12.453125
22.406250
20.406250
18.140625
15.250000
15.906250
11.062500
20.484375
39.703125
25.640625
24.765625
15.453125
27.406250
44.578125
17.906250
21.062500
18.296875
23.218750
17.078125
12.953125
28.906250
23.781250
24.328125
31.859375
18.140625
24.234375
8.234375
16.312500
17.937500
32.921875
19.500000
42.515625
28.375000
28.671875
21.093750
22.984375
21.875000
13.375000
20.718750
26.140625
15.531250
16.765625
21.500000
20.125000
26.515625
25.953125
23.718750
29.468750
20.109375
7.359375
14.875000
28.468750
37.968750
25.484375
26.140625
15.875000
25.593750
15.906250
25.187500
10.578125
24.875000
21.687500
11.765625
14.062500
37.296875
25.484375
33.734375
19.484375
31.484375
30.656250
17.546875
30.031250
33.812500
22.765625
27.062500
20.890625
29.609375
14.062500
10.390625
39.093750
23.140625
15.375000
25.062500
33.015625
15.703125
20.078125
13.140625
17.281250
25.015625
29.375000
13.921875
20.578125
19.031250
25.109375
18.109375
31.031250
18.187500
17.390625
14.734375
19.921875
18.031250
21.515625
28.515625
28.578125
21.640625
23.906250
15.890625
25.781250
25.312500
7.734375
29.328125
16.109375
11.343750
20.281250
14.625000
11.453125
36.406250
18.390625
21.109375
26.875000
23.718750
27.328125
17.234375
40.656250
12.765625
26.921875
18.171875
29.187500
23.578125
23.250000
54.109375
21.781250
39.062500
32.453125
16.500000
9.453125
20.062500
25.859375
31.312500
19.578125
20.437500
26.703125
27.187500
14.875000
31.125000
16.421875
43.281250
32.140625
28.921875
25.000000
29.031250
24.265625
29.828125
25.937500
21.937500
25.031250
28.781250
17.203125
28.843750
26.750000
12.453125
30.343750
22.890625
27.671875
20.890625
29.531250
21.234375
23.203125
11.390625
20.468750
21.312500
10.921875
25.531250
24.234375
19.906250
15.453125
11.921875
24.515625
21.109375
18.421875
17.953125
31.843750
18.390625
28.812500
8.406250
17.468750
19.937500
19.046875
23.781250
14.046875
13.718750
18.656250
16.453125
11.625000
25.468750
23.671875
5.296875
15.109375
12.203125
22.250000
19.953125
34.734375
26.312500
16.281250
23.093750
34.125000
18.718750
23.640625
21.859375
21.750000
21.921875
14.640625
27.843750
20.078125
25.531250
32.156250
19.609375
9.578125
34.515625
21.328125
17.937500
24.437500
28.390625
16.625000
21.250000
21.968750
25.859375
28.093750
29.953125
16.796875
25.218750
29.125000
19.031250
26.562500
23.468750
24.093750
12.828125
27.671875
22.421875
25.656250
33.500000
30.531250
15.296875
21.953125
19.984375
18.687500
24.156250
25.296875
20.000000
23.640625
15.640625
12.671875
17.953125
24.437500
25.453125
26.953125
22.125000
21.750000
26.125000
23.562500
12.046875
26.421875
14.375000
21.281250
24.093750
16.093750
21.343750
16.765625
17.234375
20.000000
29.968750
9.296875
19.203125
17.984375
18.062500
15.984375
26.203125
22.140625
17.171875
21.406250
14.062500
21.531250
15.718750
12.250000
33.953125
17.968750
29.906250
34.687500
24.687500
24.937500
17.718750
36.093750
45.031250
12.625000
17.890625
31.343750
30.640625
19.734375
26.562500
23.625000
29.156250
27.437500
38.890625
22.984375
22.468750
28.703125
18.640625
15.078125
34.640625
14.062500
24.593750
39.812500
23.281250
34.375000
27.984375
19.000000
21.703125
12.031250
24.765625
14.609375
40.984375
26.375000
16.750000
16.718750
25.093750
35.546875
33.109375
15.062500
14.640625
13.625000
12.859375
11.937500
23.312500
17.921875
19.015625
37.093750
19.703125
33.250000
29.718750
34.625000
13.203125
23.234375
17.218750
37.421875
25.109375
22.640625
20.328125
14.937500
30.171875
21.859375
19.968750
28.718750
32.953125
18.859375
20.812500
20.437500
15.921875
20.687500
20.812500
18.218750
17.281250
19.531250
13.078125
20.515625
29.906250
19.843750
28.796875
26.078125
17.500000
22.875000
35.593750
36.296875
36.515625
15.671875
12.015625
13.515625
27.140625
31.640625
15.906250
33.453125
23.578125
28.500000
12.156250
8.578125
15.109375
20.515625
19.046875
19.187500
12.343750
25.906250
20.359375
29.359375
23.093750
19.734375
22.828125
26.156250
32.468750
13.453125
19.484375
30.015625
17.031250
25.906250
14.609375
23.031250
25.656250
17.328125
23.812500
15.500000
16.437500
22.906250
26.500000
37.296875
30.703125
24.750000
31.546875
17.453125
20.406250
21.609375
28.796875
15.203125
16.734375
13.718750
33.890625
28.593750
27.062500
17.484375
13.062500
11.734375
44.609375
25.078125
10.625000
29.656250
35.562500
20.703125
36.468750
21.390625
19.484375
25.625000
34.703125
11.281250
15.859375
29.359375
15.453125
23.531250
35.640625
19.984375
11.125000
31.625000
19.078125
23.109375
35.078125
23.656250
21.750000
26.156250
11.500000
15.406250
18.484375
19.171875
14.734375
24.390625
18.171875
19.500000
22.734375
19.765625
28.312500
15.937500
26.265625
24.640625
35.531250
20.781250
31.546875
9.625000
19.359375
26.750000
22.953125
19.343750
25.296875
10.484375
34.078125
16.921875
14.656250
20.359375
19.890625
16.765625
24.078125
24.703125
19.156250
20.625000
35.906250
22.406250
24.015625
41.125000
17.609375
21.140625
21.359375
20.468750
27.718750
7.843750
15.859375
21.406250
21.078125
10.812500
35.796875
34.437500
38.265625
20.875000
20.750000
18.453125
19.796875
18.921875
8.828125
19.406250
13.796875
36.781250
21.625000
23.953125
32.531250
18.203125
32.609375
6.781250
27.437500
49.250000
16.812500
22.453125
10.031250
13.734375
17.265625
21.312500
25.031250
25.375000
21.093750
20.671875
24.890625
17.546875
15.125000
15.078125
40.875000
29.312500
15.140625
9.250000
24.781250
19.843750
14.328125
34.890625
20.265625
32.562500
28.796875
22.968750
16.468750
18.906250
27.406250
23.656250
23.125000
23.906250
16.500000
21.578125
16.687500
26.187500
17.390625
18.781250
13.078125
24.671875
19.656250
20.093750
26.640625
24.250000
19.609375
40.296875
28.953125
17.781250
15.296875
21.640625
34.062500
32.015625
15.984375
21.312500
47.968750
22.750000
27.437500
19.312500
42.421875
22.718750
41.296875
30.062500
19.078125
16.968750
17.281250
33.187500
14.046875
22.734375
20.328125
28.703125
18.937500
23.312500
25.546875
33.156250
24.578125
32.828125
15.578125
20.218750
16.484375
24.921875
26.187500
51.156250
30.671875
27.890625
26.671875
29.718750
9.406250
21.781250
20.562500
19.437500
38.312500
21.109375
26.140625
30.093750
14.031250
14.078125
24.687500
36.890625
21.828125
16.375000
25.609375
31.234375
18.828125
18.437500
23.515625
17.718750
25.750000
11.593750
15.562500
14.484375
16.000000
18.281250
24.656250
19.375000
19.796875
19.046875
34.203125
20.328125
13.156250
32.140625
23.953125
13.953125
19.125000
32.390625
15.531250
22.140625
33.203125
20.171875
23.828125
12.265625
18.984375
28.781250
32.406250
18.625000
22.265625
50.421875
12.609375
33.812500
24.187500
32.281250
23.593750
34.718750
25.203125
18.890625
23.906250
7.015625
11.343750
20.109375
30.984375
23.968750
32.593750
14.312500
22.609375
11.328125
26.953125
33.328125
21.250000
12.250000
26.421875
26.484375
25.109375
27.937500
27.750000
14.468750
28.312500
10.812500
12.578125
27.375000
16.031250
22.625000
20.687500
23.109375
30.000000
36.796875
32.281250
19.281250
20.203125
28.312500
18.984375
20.312500
25.484375
14.203125
20.140625
17.593750
15.921875
16.859375
25.687500
15.218750
17.500000
31.671875
30.062500
27.531250
14.843750
23.500000
20.703125
13.812500
19.531250
27.671875
28.328125
25.078125
23.062500
22.062500
14.828125
29.468750
24.343750
19.656250
17.312500
19.531250
35.281250
36.312500
18.546875
30.125000
23.187500
24.984375
11.125000
13.125000
22.515625
23.937500
28.593750
18.609375
17.359375
29.359375
14.203125
25.656250
14.593750
27.750000
19.828125
23.156250
28.343750
22.890625
32.546875
25.656250
26.812500
28.734375
16.484375
12.125000
20.390625
14.281250
16.171875
8.812500
38.937500
34.296875
18.078125
26.921875
31.812500
36.265625
15.093750
16.171875
30.406250
9.843750
19.812500
13.812500
14.406250
9.656250
27.812500
35.687500
11.875000
20.078125
20.328125
16.562500
27.406250
35.906250
25.625000
33.859375
17.906250
27.375000
16.796875
17.796875
16.140625
14.359375
18.703125
24.015625
24.062500
19.656250
28.359375
31.937500
25.000000
19.218750
17.687500
26.843750
27.937500
28.906250
37.453125
24.656250
32.390625
23.359375
20.656250
36.421875
16.906250
28.046875
28.328125
14.953125
30.234375
20.500000
28.859375
18.562500
20.546875
16.296875
23.500000
18.296875
34.015625
30.421875
17.343750
25.359375
16.359375
39.546875
26.093750
32.328125
20.328125
16.609375
30.171875
16.875000
19.015625
17.531250
20.437500
32.046875
18.859375
18.796875
27.609375
27.687500
19.453125
13.171875
25.531250
35.000000
31.500000
18.906250
24.906250
24.515625
33.328125
17.015625
31.609375
8.843750
14.953125
22.640625
38.250000
24.953125
13.156250
18.046875
40.640625
31.000000
24.875000
35.906250
17.718750
27.015625
16.953125
31.546875
22.234375
27.890625
17.031250
26.593750
34.343750
20.796875
14.125000
23.734375
23.203125
19.937500
21.015625
16.500000
22.359375
31.156250
30.656250
20.171875
25.640625
20.921875
29.062500
9.078125
5.828125
33.640625
16.203125
23.750000
23.734375
19.203125
23.515625
22.968750
23.703125
20.000000
33.890625
23.218750
45.218750
24.078125
23.281250
24.218750
10.421875
14.656250
22.468750
22.171875
8.203125
26.453125
14.203125
19.593750
17.421875
22.921875
24.546875
16.531250
24.421875
15.546875
18.156250
38.656250
25.015625
18.703125
29.531250
24.000000
20.125000
39.625000
17.843750
16.234375
26.031250
24.234375
18.156250
24.843750
43.484375
18.937500
20.984375
9.375000
20.593750
24.015625
19.906250
14.265625
26.031250
25.890625
20.515625
19.109375
18.203125
19.093750
22.515625
14.468750
7.828125
5.531250
28.140625
28.562500
9.421875
24.234375
29.734375
19.859375
39.203125
29.031250
26.125000
24.171875
19.531250
20.640625
20.921875
28.828125
21.062500
16.625000
23.734375
12.906250
16.953125
15.171875
22.906250
19.062500
31.859375
49.062500
31.234375
19.875000
20.859375
19.343750
16.718750
23.109375
23.000000
24.203125
7.875000
30.859375
25.921875
18.296875
21.546875
31.250000
13.046875
23.390625
12.515625
29.375000
23.265625
29.078125
18.171875
51.015625
22.687500
14.312500
13.093750
14.687500
16.187500
40.593750
26.968750
13.437500
16.468750
20.750000
18.000000
38.890625
18.000000
8.625000
15.453125
22.531250
23.062500
25.828125
16.671875
13.625000
23.312500
8.937500
26.953125
22.640625
38.718750
32.859375
20.437500
39.843750
38.375000
18.968750
18.640625
14.687500
16.781250
19.843750
15.953125
26.187500
23.000000
27.953125
19.937500
30.656250
13.687500
8.328125
24.031250
48.796875
29.562500
17.921875
15.187500
29.359375
26.843750
18.328125
27.453125
23.984375
22.812500
20.828125
34.734375
29.109375
26.375000
27.437500
15.796875
20.765625
35.203125
27.937500
35.093750
18.359375
31.828125
25.203125
11.828125
19.781250
11.406250
24.234375
7.781250
22.187500
21.625000
9.328125
24.921875
33.609375
23.734375
17.140625
20.265625
25.359375
12.968750
29.484375
23.578125
19.703125
13.421875
14.062500
14.343750
14.890625
5.656250
21.828125
25.140625
8.187500
16.484375
33.843750
20.343750
12.140625
28.406250
26.125000
16.921875
15.812500
23.406250
15.203125
23.234375
25.812500
15.953125
26.171875
16.359375
27.437500
25.906250
57.078125
12.453125
13.062500
15.468750
19.875000
25.203125
21.687500
17.687500
29.781250
31.406250
10.843750
40.984375
9.984375
23.250000
32.046875
18.781250
14.796875
14.000000
26.171875
28.515625
36.765625
31.843750
29.484375
17.500000
18.578125
14.125000
23.984375
20.562500
13.437500
15.921875
26.046875
29.390625
31.156250
34.031250
17.171875
15.171875
29.390625
17.125000
24.859375
11.609375
29.921875
28.203125
23.828125
24.640625
25.265625
25.046875
18.546875
17.093750
19.125000
20.421875
27.531250
25.640625
28.687500
22.218750
9.687500
9.468750
23.140625
25.875000
30.093750
12.781250
15.625000
21.750000
17.875000
17.343750
21.718750
20.265625
14.625000
12.140625
27.234375
15.671875
19.609375
18.687500
9.078125
21.781250
23.031250
30.203125
35.468750
19.890625
29.312500
13.968750
27.234375
27.343750
27.484375
18.843750
22.359375
14.187500
22.156250
16.265625
22.843750
18.609375
22.781250
16.890625
25.234375
28.296875
19.968750
31.078125
32.828125
13.484375
14.515625
26.312500
27.484375
20.546875
13.687500
16.562500
32.187500
4.703125
18.953125
15.937500
28.421875
26.609375
15.296875
36.265625
20.859375
18.906250
25.031250
36.296875
21.656250
33.937500
33.390625
Fixation = 07 	Mean of T_fixed_a_variable_phi is: 22.779175	Variance of T_fixed_a_variable_phi is: 58.422626
